52.168967000
52.339015000
52.362593000
52.362634000
52.362846000
52.362868000
52.363093000
52.363110000
52.531719000
52.531774000
52.531961000
52.532015000
52.532204000
52.532225000
52.532413000
52.532441000
52.532659000
52.532779000
52.532905000
52.532922000
52.533109000
52.700834000
52.701120000
52.701174000
52.701364000
52.701391000
52.701568000
52.701691000
52.701821000
52.701841000
52.702059000
52.702079000
52.702272000
52.702285000
52.702509000
52.702632000
52.702755000
52.702772000
52.870271000
52.870326000
52.870505000
52.870522000
52.870754000
52.870814000
52.882269000
52.882309000
52.882520000
52.882538000
52.882751000
52.882813000
52.882961000
52.882977000
52.883209000
52.883231000
52.883463000
52.883497000
52.883659000
52.883676000
52.883873000
52.883999000
52.884122000
53.039345000
53.039903000
53.039949000
53.040136000
53.040165000
53.040380000
53.040405000
53.040565000
53.040579000
53.051507000
53.051543000
53.052061000
53.052071000
53.052242000
53.052277000
53.052483000
53.052611000
53.052637000
53.052730000
53.052933000
53.053057000
53.053179000
53.053302000
53.053426000
53.053447000
53.064077000
53.064111000
53.064320000
53.064445000
53.064494000
53.064564000
53.064773000
53.064899000
53.208414000
53.208450000
53.208985000
53.220578000
53.220604000
53.220826000
53.220861000
53.221071000
53.221096000
53.221192000
53.221397000
53.221529000
53.221543000
53.221766000
53.221787000
53.222019000
53.222035000
53.222360000
53.222483000
53.222613000
53.222628000
53.222728000
53.222872000
53.223002000
53.223125000
53.223240000
53.223363000
53.223372000
53.223576000
53.223691000
53.223812000
53.223943000
53.377618000
53.377655000
53.388634000
53.388755000
53.388899000
53.388927000
53.389123000
53.389136000
53.389336000
53.389460000
53.389574000
53.389697000
53.389827000
53.389950000
53.390066000
53.390187000
53.391192000
53.391315000
53.391441000
53.391453000
53.391613000
53.391623000
53.391855000
53.391863000
53.392093000
53.392108000
53.392284000
53.392401000
53.392536000
53.392653000
53.392778000
53.392892000
53.393022000
53.393145000
53.393260000
53.393383000
53.393523000
53.393535000
53.393670000
53.393793000
53.393923000
53.394045000
53.394164000
53.394175000
53.403582000
53.403706000
53.403725000
53.403952000
53.403985000
53.404073000
53.546732000
53.546774000
53.546962000
53.559382000
53.559425000
53.559481000
53.559686000
53.559812000
53.559923000
53.560046000
53.560176000
53.560186000
53.560374000
53.560516000
53.560539000
53.560741000
53.560864000
53.560878000
53.561077000
53.561198000
53.561315000
53.561436000
53.561568000
53.562135000
53.562163000
53.562380000
53.562513000
53.562524000
53.562756000
53.562766000
53.562954000
53.562976000
53.563208000
53.563218000
53.563434000
53.563445000
53.573071000
53.573194000
53.573317000
53.573442000
53.573467000
53.573562000
53.573767000
53.573887000
53.574020000
53.574142000
53.574258000
53.574270000
53.574474000
53.574487000
53.574709000
53.574840000
53.574854000
53.574933000
53.575139000
53.575270000
53.715835000
53.715869000
53.716079000
53.728682000
53.728719000
53.730296000
53.730348000
53.730538000
53.730660000
53.730672000
53.730804000
53.730927000
53.731057000
53.731171000
53.731302000
53.731313000
53.731504000
53.731631000
53.731647000
53.731868000
53.731990000
53.731999000
53.740736000
53.740864000
53.740896000
53.741112000
53.741131000
53.741225000
53.741439000
53.741562000
53.741576000
53.741801000
53.741924000
53.741933000
53.742127000
53.742248000
53.742381000
53.742391000
53.742619000
53.742634000
53.742810000
53.742926000
53.743049000
53.743179000
53.744340000
53.744355000
53.744554000
53.744565000
53.744790000
53.744921000
53.744934000
53.745035000
53.745241000
53.745372000
53.745385000
53.745609000
53.745630000
53.745749000
53.745916000
53.746037000
53.746170000
53.746293000
53.746408000
53.884958000
53.884999000
53.885196000
53.897772000
53.897805000
53.901091000
53.901127000
53.901254000
53.901377000
53.901404000
53.901622000
53.901752000
53.901761000
53.901948000
53.902073000
53.902204000
53.902217000
53.902446000
53.902462000
53.902632000
53.902749000
53.902871000
53.903001000
53.903124000
53.903132000
53.910038000
53.910165000
53.910285000
53.910409000
53.910531000
53.912169000
53.912292000
53.912414000
53.912539000
53.912669000
53.912790000
53.912803000
53.912986000
53.913118000
53.913241000
53.913357000
53.913480000
53.913497000
53.931359000
53.931482000
53.931622000
53.931640000
53.931850000
53.931863000
53.932067000
53.932086000
53.932306000
53.932423000
53.932554000
53.932569000
53.932751000
53.932874000
53.933004000
53.933126000
53.933242000
53.933262000
53.933454000
53.933467000
53.933693000
53.933815000
53.933946000
53.933961000
53.934143000
53.954540000
53.954564000
54.054111000
54.054153000
54.054358000
54.066838000
54.072099000
54.072129000
54.072346000
54.072475000
54.072500000
54.072605000
54.072735000
54.072857000
54.072994000
54.073017000
54.073116000
54.083202000
54.083234000
54.083447000
54.083562000
54.083600000
54.083684000
54.083889000
54.084012000
54.084134000
54.084265000
54.084287000
54.084380000
54.084585000
54.084716000
54.084731000
54.084954000
54.085084000
54.085092000
54.085261000
54.085384000
54.085518000
54.085631000
54.085753000
54.085764000
54.085964000
54.086086000
54.086203000
54.086326000
54.086457000
54.086469000
54.086659000
54.101195000
54.101316000
54.101442000
54.101563000
54.101685000
54.101818000
54.103078000
54.103202000
54.103323000
54.103454000
54.103468000
54.113810000
54.113932000
54.114055000
54.114178000
54.114301000
54.114315000
54.114513000
54.114636000
54.114650000
54.114874000
54.115006000
54.115016000
54.115204000
54.115219000
54.115448000
54.115581000
54.115598000
54.115692000
54.115885000
54.123636000
54.123653000
54.123865000
54.123888000
54.223314000
54.223345000
54.253111000
54.253128000
54.253357000
54.253488000
54.253532000
54.253542000
54.253746000
54.253876000
54.253998000
54.254114000
54.254139000
54.254327000
54.254338000
54.254565000
54.254695000
54.254711000
54.254792000
54.264253000
54.264271000
54.264498000
54.264621000
54.264751000
54.264763000
54.264926000
54.265071000
54.265202000
54.265210000
54.265461000
54.265469000
54.265630000
54.265756000
54.265869000
54.265999000
54.266123000
54.266131000
54.266320000
54.266451000
54.266469000
54.266688000
54.266811000
54.266821000
54.267023000
54.267139000
54.267261000
54.267392000
54.267407000
54.270272000
54.270296000
54.270525000
54.270541000
54.270769000
54.270790000
54.271024000
54.284701000
54.284726000
54.284945000
54.284957000
54.285056000
54.295319000
54.295443000
54.295486000
54.295702000
54.295719000
54.295810000
54.296014000
54.296137000
54.296268000
54.296279000
54.296504000
54.296519000
54.296696000
54.296814000
54.296937000
54.297066000
54.297189000
54.297198000
54.297392000
54.297520000
54.297640000
54.297762000
54.297878000
54.297885000
54.298090000
54.298211000
54.332551000
54.332674000
54.392475000
54.392601000
54.392719000
54.422394000
54.422517000
54.434354000
54.434478000
54.434490000
54.434643000
54.434765000
54.434894000
54.434904000
54.435132000
54.435142000
54.445823000
54.445946000
54.445970000
54.446198000
54.446212000
54.446313000
54.446498000
54.446629000
54.446764000
54.446887000
54.446902000
54.447018000
54.447195000
54.447317000
54.447448000
54.447572000
54.447686000
54.447698000
54.447899000
54.448021000
54.448138000
54.448259000
54.448390000
54.448400000
54.448587000
54.448710000
54.448833000
54.448955000
54.449082000
54.449097000
54.449292000
54.449306000
54.449526000
54.449661000
54.449675000
54.449754000
54.449959000
54.450089000
54.450212000
54.450327000
54.450450000
54.450457000
54.450662000
54.450778000
54.453832000
54.453953000
54.453979000
54.454075000
54.457209000
54.457332000
54.457347000
54.457586000
54.464951000
54.465074000
54.465195000
54.465326000
54.561808000
54.561846000
54.562043000
54.562049000
54.562209000
54.562254000
54.562453000
54.562576000
54.562707000
54.562721000
54.562886000
54.563026000
54.563050000
54.563252000
54.563402000
54.563411000
54.563580000
54.563702000
54.563833000
54.563957000
54.564072000
54.564092000
54.564283000
54.564406000
54.564526000
54.564669000
54.564685000
54.564849000
54.564879000
54.591540000
54.591591000
54.591787000
54.603519000
54.603552000
54.603772000
54.603780000
54.604014000
54.617390000
54.617440000
54.617448000
54.617647000
54.617682000
54.617893000
54.618014000
54.618136000
54.618150000
54.618344000
54.618464000
54.618587000
54.618710000
54.618730000
54.618840000
54.619038000
54.619063000
54.619283000
54.619406000
54.619430000
54.619528000
54.619721000
54.619836000
54.619964000
54.620089000
54.620212000
54.620220000
54.620409000
54.620538000
54.620654000
54.620784000
54.620809000
54.621030000
54.621154000
54.621270000
54.621393000
54.621523000
54.621645000
54.621654000
54.628671000
54.628683000
54.628910000
54.628935000
54.629155000
54.629174000
54.629369000
54.629379000
54.629606000
54.629728000
54.629750000
54.629851000
54.630035000
54.630158000
54.630279000
54.630404000
54.630527000
54.630534000
54.630730000
54.630857000
54.630977000
54.631100000
54.631231000
54.631243000
54.631428000
54.634336000
54.634358000
54.634569000
54.634692000
54.733888000
54.733920000
54.734137000
54.734255000
54.734379000
54.734412000
54.734502000
54.734715000
54.734829000
54.734956000
54.735081000
54.735204000
54.735212000
54.745112000
54.745232000
54.745255000
54.745477000
54.745501000
54.745600000
54.745805000
54.745935000
54.745949000
54.746173000
54.746296000
54.746306000
54.746490000
54.746604000
54.746726000
54.746878000
54.746894000
54.746972000
54.760653000
54.760773000
54.760903000
54.761029000
54.761151000
54.761267000
54.772634000
54.772757000
54.772891000
54.789304000
54.789334000
54.789426000
54.789594000
54.789632000
54.789836000
54.789856000
54.790087000
54.790109000
54.790267000
54.790389000
54.790512000
54.790636000
54.790764000
54.790775000
54.800485000
54.800608000
54.800731000
54.800854000
54.800977000
54.800991000
54.801190000
54.801203000
54.801427000
54.801558000
54.801572000
54.801673000
54.801878000
54.801893000
54.802124000
54.802138000
54.802376000
54.802389000
54.802560000
54.802684000
54.802807000
54.802923000
54.803045000
54.803055000
54.803258000
54.803373000
54.803502000
54.803626000
54.803742000
54.803754000
54.803952000
54.804070000
54.804099000
54.804322000
54.804446000
54.804561000
54.804683000
54.804814000
54.804829000
54.805052000
54.805184000
54.805193000
54.811198000
54.811327000
54.811365000
54.811573000
54.811688000
54.811701000
54.811901000
54.812023000
54.812139000
54.812261000
54.812391000
54.812418000
54.812610000
54.812627000
54.812855000
54.843546000
54.843595000
54.903079000
54.903112000
54.903323000
54.903335000
54.903567000
54.903593000
54.903811000
54.930388000
54.930426000
54.930632000
54.930663000
54.930756000
54.930998000
54.931010000
54.931233000
54.931256000
54.931479000
54.931493000
54.931676000
54.931799000
54.931922000
54.932045000
54.932168000
54.932183000
54.932380000
54.932391000
54.932618000
54.932749000
54.932762000
54.932844000
54.941269000
54.941283000
54.941506000
54.941634000
54.941761000
54.941789000
54.941957000
54.942080000
54.942211000
54.942222000
54.942453000
54.942580000
54.942593000
54.942817000
54.958414000
54.958627000
54.958750000
54.958873000
54.958996000
54.959119000
54.972000000
54.972122000
54.972142000
54.972351000
54.972396000
54.972601000
54.972620000
54.972840000
54.972856000
54.973053000
54.973068000
54.973270000
54.973393000
54.973543000
54.973558000
54.973720000
54.973850000
54.973974000
54.974089000
54.974212000
54.974219000
54.988365000
54.988397000
54.988609000
54.988732000
54.988855000
54.988872000
54.989064000
54.989189000
54.989306000
54.989436000
54.989457000
54.989551000
54.989756000
54.989887000
54.989904000
54.990125000
54.990248000
54.990257000
54.990453000
54.990576000
54.990699000
54.990828000
54.990845000
54.990946000
54.991149000
54.991281000
54.991295000
54.991518000
54.991538000
54.991641000
54.991825000
54.991947000
54.992078000
54.992200000
54.992317000
54.992332000
54.992522000
54.992658000
54.992672000
54.992897000
54.993020000
54.993027000
54.999260000
54.999287000
54.999505000
54.999520000
54.999751000
54.999767000
54.999941000
55.012639000
55.012762000
55.012788000
55.057567000
55.057606000
55.072216000
55.072237000
55.072453000
55.072576000
55.072596000
55.111117000
55.111329000
55.111363000
55.111568000
55.111691000
55.111812000
55.111828000
55.112019000
55.112155000
55.112169000
55.112388000
55.112518000
55.112527000
55.112713000
55.112834000
55.112968000
55.112979000
55.113206000
55.113221000
55.113397000
55.113513000
55.113636000
55.113766000
55.113882000
55.113894000
55.122404000
55.122525000
55.122550000
55.122771000
55.122795000
55.122893000
55.123105000
55.123117000
55.123351000
55.123360000
55.123589000
55.123604000
55.123774000
55.123896000
55.124019000
55.124149000
55.124272000
55.127705000
55.127828000
55.127952000
55.128074000
55.128205000
55.128327000
55.128443000
55.128571000
55.128696000
55.141393000
55.159204000
55.159235000
55.159437000
55.159485000
55.159675000
55.159797000
55.159928000
55.159945000
55.160125000
55.160248000
55.160379000
55.160394000
55.160617000
55.160636000
55.170224000
55.170352000
55.170395000
55.170590000
55.170737000
55.170746000
55.170925000
55.171047000
55.171163000
55.171287000
55.171417000
55.171428000
55.171614000
55.171737000
55.171861000
55.171982000
55.172105000
55.172119000
55.172318000
55.172441000
55.172455000
55.172679000
55.172802000
55.172815000
55.173007000
55.173130000
55.173154000
55.173361000
55.173478000
55.173499000
55.173682000
55.173813000
55.173928000
55.174051000
55.174181000
55.174305000
55.174425000
55.174549000
55.174673000
55.174795000
55.174873000
55.180685000
55.180705000
55.180932000
55.180954000
55.181185000
55.181198000
55.181382000
55.181525000
55.181541000
55.181757000
55.181874000
55.181894000
55.182079000
55.182202000
55.182324000
55.182453000
55.182576000
55.182693000
55.182816000
55.182939000
55.183066000
55.226752000
55.226875000
55.226920000
55.241313000
55.241367000
55.292471000
55.292493000
55.292594000
55.292810000
55.292934000
55.292964000
55.293180000
55.293303000
55.293311000
55.293509000
55.293534000
55.293754000
55.293877000
55.293899000
55.293999000
55.294184000
55.294306000
55.294428000
55.294549000
55.294676000
55.294694000
55.303427000
55.303540000
55.303678000
55.303714000
55.303915000
55.303927000
55.304114000
55.304137000
55.304363000
55.304485000
55.304611000
55.304625000
55.304813000
55.304827000
55.305057000
55.305181000
55.305200000
55.305303000
55.305488000
55.305611000
55.305734000
55.305858000
55.305979000
55.305991000
55.306189000
55.306212000
55.306428000
55.306559000
55.306676000
55.306686000
55.306880000
55.307015000
55.307036000
55.307249000
55.307372000
55.328432000
55.328452000
55.328674000
55.328756000
55.328917000
55.329040000
55.329164000
55.329287000
55.329407000
55.329534000
55.329654000
55.342852000
55.342935000
55.343090000
55.343211000
55.343343000
55.343374000
55.343464000
55.343662000
55.343686000
55.343892000
55.344032000
55.344069000
55.344162000
55.344339000
55.344461000
55.344584000
55.344706000
55.344830000
55.344845000
55.345036000
55.345157000
55.345281000
55.345403000
55.345527000
55.345539000
55.345732000
55.345854000
55.345977000
55.346098000
55.346225000
55.346246000
55.346427000
55.346549000
55.346676000
55.346692000
55.346919000
55.346930000
55.353476000
55.353516000
55.353726000
55.353841000
55.353947000
55.353962000
55.354169000
55.354291000
55.354415000
55.354537000
55.354659000
55.354670000
55.354864000
55.354888000
55.355110000
55.355232000
55.355356000
55.355370000
55.355561000
55.355580000
55.355806000
55.355930000
55.355951000
55.356051000
55.356238000
55.356360000
55.356483000
55.356605000
55.356727000
55.356738000
55.356938000
55.357055000
55.357182000
55.357302000
55.357329000
55.391629000
55.391714000
55.395995000
55.396053000
55.396235000
55.410462000
55.410510000
55.410691000
55.451680000
55.451700000
55.461869000
55.474978000
55.475022000
55.475222000
55.475250000
55.475344000
62.560413000
62.560463000
62.560659000
62.560781000
62.560922000
62.560987000
62.561130000
62.561269000
62.561286000
62.561501000
62.729555000
62.729610000
62.729807000
62.729836000
62.730052000
62.730108000
62.730291000
62.730412000
62.730540000
62.730678000
62.730699000
62.730910000
62.731047000
62.731178000
62.731194000
62.731395000
62.731518000
62.731660000
62.731680000
62.731907000
62.898775000
62.898812000
62.899026000
62.899142000
62.899265000
62.899394000
62.899421000
62.899641000
62.899756000
62.899879000
62.900002000
62.900126000
62.900248000
62.900370000
62.900494000
62.900617000
62.900740000
62.900867000
62.900989000
62.901110000
62.901231000
62.901354000
62.901477000
62.901600000
62.901725000
62.901845000
62.901968000
62.902091000
62.902215000
62.902336000
62.902462000
62.902583000
62.902706000
63.068002000
63.068015000
63.068143000
63.068364000
63.068386000
63.068611000
63.068646000
63.068856000
63.068877000
63.069102000
63.069128000
63.069345000
63.069470000
63.069593000
63.069717000
63.069839000
63.069962000
63.070084000
63.070208000
63.070330000
63.070458000
63.070576000
63.070702000
63.070823000
63.070949000
63.071067000
63.071192000
63.071314000
63.071448000
63.071465000
63.071682000
63.071806000
63.071927000
63.072054000
63.072083000
63.072304000
63.072331000
63.072543000
63.072568000
63.072788000
63.072916000
63.073035000
63.073157000
63.073280000
63.073408000
63.073526000
63.073647000
63.073771000
63.111631000
63.111666000
63.237194000
63.237239000
63.237426000
63.237478000
63.237670000
63.237811000
63.237831000
63.238037000
63.238157000
63.238304000
63.238328000
63.238529000
63.238672000
63.238799000
63.238820000
63.239020000
63.239164000
63.239193000
63.239409000
63.239536000
63.239558000
63.239778000
63.239794000
63.240003000
63.240149000
63.240270000
63.240392000
63.240412000
63.240649000
63.240660000
63.240883000
63.241006000
63.241129000
63.241153000
63.241382000
63.241392000
63.241621000
63.241743000
63.241867000
63.241888000
63.242119000
63.242130000
63.242365000
63.242374000
63.242603000
63.242726000
63.242853000
63.242980000
63.243012000
63.243225000
63.243240000
63.243463000
63.243488000
63.243709000
63.243837000
63.243858000
63.244085000
63.244201000
63.244230000
63.244448000
63.244569000
63.244693000
63.244721000
63.244946000
63.244963000
63.245184000
63.245212000
63.245429000
63.245552000
63.245676000
63.245708000
63.245929000
63.280760000
63.280805000
63.281001000
63.406332000
63.406379000
63.406570000
63.406598000
63.406812000
63.406931000
63.407053000
63.407176000
63.407299000
63.407428000
63.407452000
63.407668000
63.407791000
63.407914000
63.408037000
63.408160000
63.408291000
63.408406000
63.408529000
63.408650000
63.408774000
63.408895000
63.409027000
63.409142000
63.409274000
63.409388000
63.409511000
63.409633000
63.409757000
63.409880000
63.410003000
63.410125000
63.410247000
63.410373000
63.410498000
63.410616000
63.410744000
63.410887000
63.410906000
63.411129000
63.411147000
63.411355000
63.411389000
63.411601000
63.411721000
63.411867000
63.411892000
63.412113000
63.412140000
63.412358000
63.412383000
63.412604000
63.412623000
63.412850000
63.412877000
63.413099000
63.413120000
63.413320000
63.413463000
63.413483000
63.413721000
63.413732000
63.413955000
63.414077000
63.414209000
63.414223000
63.414445000
63.414577000
63.414593000
63.414819000
63.414846000
63.415067000
63.415088000
63.415313000
63.415322000
63.415551000
63.415681000
63.415809000
63.415820000
70.897061000
70.897115000
70.897314000
70.897349000
70.897555000
70.897574000
70.897779000
70.897806000
70.898023000
70.898146000
71.066197000
71.066250000
71.066436000
71.066500000
71.066672000
71.066794000
71.066918000
71.067041000
71.067168000
71.067292000
71.067410000
71.067531000
71.067655000
71.067782000
71.067899000
71.068027000
71.068151000
71.068269000
71.068392000
71.068516000
71.235372000
71.235415000
71.235636000
71.235670000
71.235875000
71.235890000
71.236125000
71.236138000
71.236372000
71.236384000
71.236610000
71.236741000
71.236755000
71.236980000
71.236997000
71.237233000
71.237247000
71.237470000
71.237491000
71.237717000
71.237845000
71.237962000
71.238084000
71.238215000
71.238227000
71.238453000
71.238575000
71.238697000
71.238822000
71.238945000
71.239076000
71.239198000
71.239314000
71.404501000
71.404533000
71.404751000
71.404792000
71.405000000
71.405115000
71.405238000
71.405361000
71.405484000
71.405607000
71.405750000
71.405767000
71.405974000
71.406095000
71.406228000
71.406344000
71.406467000
71.406589000
71.406720000
71.406836000
71.406978000
71.406994000
71.407204000
71.407348000
71.407369000
71.407597000
71.407614000
71.407839000
71.407853000
71.408065000
71.408207000
71.408332000
71.408346000
71.408556000
71.408678000
71.408821000
71.408944000
71.409068000
71.409086000
71.409313000
71.409334000
71.409559000
71.409576000
71.409804000
71.409927000
71.410051000
71.410174000
71.410296000
71.447577000
71.447614000
71.573662000
71.573696000
71.573906000
71.574030000
71.574154000
71.574193000
71.574405000
71.574520000
71.574644000
71.574769000
71.574889000
71.575012000
71.575135000
71.575258000
71.575381000
71.575503000
71.575626000
71.575749000
71.575874000
71.575995000
71.576118000
71.576241000
71.576364000
71.576487000
71.576610000
71.576733000
71.576856000
71.576978000
71.577102000
71.577254000
71.577269000
71.577470000
71.577593000
71.577734000
71.577756000
71.577962000
71.578105000
71.578228000
71.578250000
71.578460000
71.578589000
71.578720000
71.578736000
71.578973000
71.578987000
71.579190000
71.579340000
71.579349000
71.579580000
71.579702000
71.579825000
71.579948000
71.580078000
71.580085000
71.580316000
71.580440000
71.580562000
71.580686000
71.580808000
71.580931000
71.581061000
71.581184000
71.581196000
71.581423000
71.581552000
71.581676000
71.581689000
71.581915000
71.582034000
71.582167000
71.582283000
71.582406000
71.616688000
71.616832000
71.616854000
71.742872000
71.742912000
71.743107000
71.743239000
71.743272000
71.743476000
71.743597000
71.743720000
71.743845000
71.743866000
71.744090000
71.744213000
71.744235000
71.744459000
71.744582000
71.744705000
71.744727000
71.744950000
71.745072000
71.745202000
71.745224000
71.745450000
71.745463000
71.745688000
71.745811000
71.745934000
71.745955000
71.746179000
71.746303000
71.746425000
71.746447000
71.746672000
71.746794000
71.746917000
71.747039000
71.747163000
71.747285000
71.747408000
71.747531000
71.747655000
71.747777000
71.747904000
71.748024000
71.748146000
71.748269000
71.748391000
71.748515000
71.748638000
71.748760000
71.748884000
71.749006000
71.749129000
71.749252000
71.749372000
71.749499000
71.749621000
71.749743000
71.749866000
71.749989000
71.750112000
71.750234000
71.750362000
71.750480000
71.750610000
71.750631000
71.752671000
71.752795000
71.752817000
71.753040000
71.753162000
71.753176000
71.753349000
71.753503000
71.753517000
71.753733000
71.753756000
71.753859000
71.754053000
71.754166000
71.754290000
71.754412000
71.754535000
71.754546000
71.754747000
71.754862000
71.754985000
71.755108000
71.755231000
71.755248000
71.755436000
71.755562000
71.755582000
71.755805000
71.755928000
71.755937000
71.785890000
71.786035000
71.786076000
71.828550000
71.828578000
71.912076000
71.912108000
71.912315000
71.912351000
71.912538000
71.912678000
71.912809000
71.912823000
71.913048000
71.913068000
71.913292000
71.913415000
71.913444000
71.913648000
71.913784000
71.913907000
71.914030000
71.914153000
71.914177000
71.914402000
71.914422000
71.914644000
71.914671000
71.914897000
71.914912000
71.915135000
71.915258000
71.915382000
71.915403000
71.915627000
71.915756000
71.915874000
71.915898000
71.916118000
71.916242000
71.916364000
71.916487000
71.916610000
71.916733000
71.916861000
71.916884000
71.917109000
71.917124000
71.917349000
71.917469000
71.917592000
71.917715000
71.917838000
71.917966000
71.918084000
71.918207000
71.918330000
71.918461000
71.918583000
71.918698000
71.918823000
71.918951000
71.919074000
71.919191000
71.919313000
71.919443000
71.919565000
71.919575000
71.919702000
71.919832000
71.919956000
71.920071000
71.920193000
71.920201000
71.920407000
71.920528000
71.920644000
71.920767000
71.920889000
71.920901000
71.921094000
71.921117000
71.921340000
71.921469000
71.921481000
71.921709000
71.921832000
71.921955000
71.922078000
71.922103000
71.922323000
71.922446000
71.922456000
