547
53
54771
53
53
53
7338
53
42953
51848
53
53
64131
53
9438
59540
31734
23793
54771
54771
54771
54771
547
54771
54771
54771
54771
54771
54771
54771
54771
54771
54771
54771
54771
54771
54771
54771
54771
54771
54771
54771
54771
54771
54771
54771
54771
54771
54771
54771
547
54771
54771
54771
54771
54771
54771
54771
54771
54771
54771
54771
54771
54771
54771
54771
54771
54771
54771
54771
54771
54771
54771
54771
54771
54771
54771
54771
54771
54771
54771
54771
54771
54771
54771
54771
54771
54771
54771
54771
54771
54771
547
54771
54771
54771
547
54771
54771
54771
54771
54771
54771
547
54771
54771
5353
54771
54771
54771
54771
5353
54771
54771
54771
54771
54771
54771
54771
54771
54771
54771
54771
54771
54771
54771
54771
54771
54771
547
54771
54771
54771
54771
54771
54771
54771
54771
54771
547
54771
54771
54771
54771
54771
54771
547
54771
54771
54771
54771
54771
54771
54771
54771
54771
54771
54771
54771
54771
54771
54771
54771
54771
54771
54771
54771
54771
54771
54771
54771
54771
54771
547
54771
54771
54771
54771
54771
54771
54771
54771
54771
54771
54771
54771
54771
54771
54771
547
54771
54771
54771
54771
54771
5355
54771
54771
54771
54771
5355
54771
54771
54771
54771
54771
54771
54771
54771
54771
54771
54771
54771
54771
54771
54771
54771
54771
54771
54771
54771
54771
54771
54771
54771
54771
54771
54771
54771
54771
54771
54771
54771
54771
54771
54771
54771
54771
54771
54771
54771
54771
547
54771
54771
54771
54771
54771
54771
54771
54771
54771
54771
54771
54771
54771
54771
54771
54771
54771
54771
547
54771
54771
54771
54771
54771
54771
547
54771
54771
54771
54771
54771
54771
54771
54771
54771
54771
54771
54771
54771
54771
54771
54771
54771
54771
54771
54771
54771
54771
54771
54771
54771
54771
54771
54771
54771
54771
54771
54771
5355
54771
54771
54771
54771
5355
54771
54771
54771
54771
54771
54771
54771
54771
54771
54771
54771
54771
54771
54771
54771
54771
54771
54771
54771
54771
54771
54771
54771
54771
54771
54771
54771
54771
547
54771
54771
54771
54771
54771
547
54771
54771
547
54771
54771
54771
54771
54771
54771
54771
54771
54771
54771
54771
54771
54771
54771
54771
54771
54771
54771
54771
54771
54771
54771
5355
54771
54771
54771
54771
5355
54771
54771
54771
5355
54771
54771
54771
547
547
5355
54771
54771
54771
54771
54771
54771
54771
54771
54771
54771
54771
54771
54771
54771
54771
54771
54771
54771
54771
54771
54771
54771
54771
54771
54771
54771
54771
54771
54771
54771
53
5355
54771
64440
54771
54771
54771
5355
54771
54771
54771
54771
54771
53
54771
52090
54771
54771
54771
54771
54771
54771
54771
54771
54771
54771
54771
54771
54771
54771
53
23475
54771
54771
54771
54771
54771
54771
54771
54771
53
53
53
53519
51452
53
53
4191
53
54771
40224
53
30422
53
54771
16128
53
23310
53
52526
53
37626
53
35599
53
54771
40338
53
62230
53
46135
53
17729
53
54771
10192
53
21918
53
54771
38895
53
54771
61558
53
13104
53
54771
60718
53
54771
54771
46390
53
22916
53
27800
54771
54771
25340
12822
54771
54771
54771
54771
54771
54771
54771
54771
54771
54771
54771
54771
54771
54771
54771
5355
547
54771
54771
54771
54771
5355
547
54771
54771
54771
54771
54771
54771
54771
54771
54771
5355
54771
54771
54771
54771
5355
54771
54771
54771
54771
54771
54771
54771
54771
54771
54771
54771
54771
54771
54771
54771
54771
54771
54771
54771
54771
54771
54771
54771
54771
54771
54771
547
5355
54771
54771
54771
54771
5355
54771
54771
54771
54771
54771
54771
54771
54771
54771
54771
54771
54771
54771
54771
54771
54771
54771
54771
54771
54771
54771
54771
54771
54771
54771
54771
54771
54771
54771
54771
54771
54771
54771
54771
54771
54771
54771
54771
54771
54771
54771
54771
54771
54771
54771
54771
54771
54771
54771
54771
54771
54771
54771
54771
54771
54771
54771
54771
54771
54771
54771
54771
547
54771
54771
54771
54771
54771
54771
547
54771
54771
54771
54771
547
54771
54771
54771
54771
54771
54771
54771
54771
54771
54771
53
2006
54771
54771
54771
54771
54771
547
54771
54771
54771
54771
54771
54771
54771
54771
54771
54771
5355
54771
54771
54771
54771
5355
54771
54771
54771
54771
54771
54771
54771
54771
54771
54771
54771
54771
54771
54771
54771
54771
54771
54771
54771
53
48329
54771
54771
54771
53
63230
54771
54771
54771
54771
54771
54771
53
53
20107
5027
54771
54771
54771
54771
54771
54771
54771
54771
54771
54771
54771
54771
54771
54771
54771
54771
54771
54771
54771
54771
54771
54771
54771
54771
54771
54771
54771
54771
54771
54771
54771
54771
54771
54771
54771
54771
54771
54771
54771
54771
54771
54771
54771
54771
54771
54771
54771
53
59960
54771
54771
54771
53
53
53
55082
53
25954
53
40488
53
53025
53
30715
53
53
46994
54771
58781
53
54513
11171
53
53
43598
53
26155
53
2009
53
56088
53
54771
5355
59460
53
17310
53
62134
53
54771
51439
53
11047
53
63892
53
42980
53
56594
53
35178
53
37122
53
54771
20876
53
7077
53
61652
53
7414
53
54771
42806
53
52385
53
54771
48103
53
5355
5630
53
48853
53
25580
53
58492
53
6436
53
7701
53
35926
53
24446
53
54771
19377
53
10621
53
3720
53
22740
53
28593
54771
5315
54771
54771
54771
35028
54771
54771
54771
54771
54771
54771
54771
54771
54771
5355
54771
54771
54771
54771
5355
54771
54771
54771
54771
54771
54771
54771
1900
1900
547
54771
54771
54771
54771
54771
54771
53
54771
54771
25799
54771
54771
53
32876
54771
54771
53
38687
54771
54771
54771
547
54771
54771
54771
54771
54771
54771
54771
54771
54771
54771
54771
54771
54771
54771
54771
53
54771
53
59814
54771
54771
58433
54771
54771
54771
54771
54771
547
54771
54771
54771
54771
54771
54771
54771
54771
54771
54771
54771
54771
54771
54771
54771
54771
54771
54771
54771
54771
54771
54771
53
54771
60033
54771
54771
54771
54771
54771
54771
54771
54771
54771
54771
54771
54771
54771
54771
54771
54771
54771
54771
54771
54771
54771
54771
547
54771
54771
54771
54771
1900
54771
54771
54771
54771
54771
53
56437
54771
53
39573
54771
54771
54771
5355
54771
54771
53
20734
54771
54771
5355
54771
54771
54771
54771
54771
54771
54771
54771
54771
53
59791
53
54771
26908
54771
54771
53
40396
54771
54771
1900
1900
54771
547
54771
54771
54771
54771
54771
54771
54771
54771
54771
54771
53
53
46550
55860
54771
5353
54771
54771
5353
54771
54771
54771
54771
54771
54771
54771
54771
54771
54771
54771
54771
54771
54771
54771
54771
54771
54771
54771
54771
54771
54771
53
47943
54771
54771
54771
54771
54771
54771
54771
53
53
14166
22179
54771
54771
54771
54771
54771
53
54771
34718
547
54771
54771
53
54771
5305
54771
54771
54771
54771
54771
54771
54771
54771
53
11750
54771
53
47517
54771
54771
54771
54771
54771
54771
54771
54771
54771
54771
54771
54771
54771
54771
54771
54771
53
48831
54771
53
53
53
39961
53
59704
64784
58719
54771
54771
53
54771
54771
54771
4120
54771
5355
54771
54771
54771
54771
1900
5355
54771
53
29055
54771
53
53
53
53
62743
61332
54771
13266
60669
54771
54771
54771
54771
54771
54771
54771
54771
53
49165
54771
54771
53
53
30901
54771
22693
54771
54771
54771
54771
54771
54771
54771
54771
54771
54771
54771
54771
54771
1900
1900
54771
54771
54771
54771
54771
54771
54771
54771
54771
54771
53
60069
54771
53
53
53
11981
30459
53
53
61469
53
17091
53
61754
53
28816
53
31037
53
18424
54771
54771
53
20550
54771
54771
54771
35223
54771
54771
53
54771
37379
54771
54771
54771
22465
54771
54771
54771
54771
54771
53
53
24746
58025
54771
53
9920
54771
54771
53
53
53
53
4884
23166
54771
48413
36265
53
46595
54771
53
53
53
7490
53
64164
53
54771
53
54771
54771
54771
21044
54771
53
5515
54771
547
54771
547
53
53
53
53
54771
54771
50202
54069
53
54771
51016
53
54771
54771
54771
46003
53
54771
18527
53
41070
54771
63878
53
54771
43312
54771
54771
44901
54771
54771
54771
54771
54771
54771
54771
54771
54771
54771
54771
54771
54771
54771
49904
2230
54771
54771
54771
54771
54771
54771
54771
54771
53
63985
54771
54771
54771
54771
5355
54771
54771
54771
54771
50395
5355
54771
54771
54771
54771
54771
54771
54771
1900
54771
54771
54771
54771
53
29557
54771
547
53
53
53
53
54771
6621
11695
53
46215
42926
54771
59229
54771
54771
54771
54771
54771
54771
53
31539
53
53
53
53
53
13812
29281
21852
51728
53
53
4765
4899
53
53
54771
48976
53
6185
53
55876
33077
53
53
47649
41490
11001
53
12813
53
43319
53
53
53
30978
53
54771
12394
53
45108
53
62869
53
19038
52760
54771
24153
54771
54771
54771
53
53
53
53
53
44764
54270
56320
54771
11259
54771
38088
54771
54771
54771
54771
54771
54771
54771
54771
54771
54771
54771
54771
54771
54771
54771
54771
54771
54771
54771
547
54771
54771
53
53
24189
16390
54771
54771
54771
53
53
63806
28635
54771
54771
54771
54771
54771
54771
54771
54771
54771
54771
54771
54771
54771
54771
54771
54771
54771
54771
54771
54771
54771
54771
54771
53
53
54771
53
45292
2821
54771
47759
54771
54771
54771
54771
53
29390
54771
54771
54771
54771
54771
53
31482
54771
53
53458
54771
54771
54771
54771
53
53
54771
19610
34053
54771
53
53
53
64147
53
26678
53
17113
53
11853
54771
64282
7021
54771
54771
54771
54771
54771
5355
54771
54771
53
54771
1952
5355
54771
54771
53
8412
54771
53
29658
54771
54771
54771
54771
54771
53
53
54771
19238
39783
53
45391
54771
54771
53
43454
53
53
27129
53507
54771
54771
54771
53
54771
53
58092
22929
54771
54771
54771
54771
54771
54771
53
54771
59546
54771
54771
54771
54771
54771
54771
54771
54771
54771
54771
54771
54771
54771
54771
54771
54771
54771
54771
54771
54771
54771
54771
54771
547
54771
54771
54771
54771
54771
54771
54771
54771
547
54771
54771
54771
54771
54771
54771
547
54771
53
38932
54771
54771
54771
54771
54771
54771
54771
54771
53
54771
51768
54771
54771
53
8786
54771
54771
54771
54771
54771
54771
54771
54771
54771
54771
54771
54771
54771
54771
54771
54771
54771
54771
547
54771
54771
54771
54771
54771
54771
54771
54771
54771
54771
54771
54771
54771
54771
54771
54771
54771
54771
54771
54771
54771
54771
54771
54771
54771
5355
54771
54771
54771
54771
5355
54771
54771
54771
54771
54771
54771
54771
54771
54771
54771
54771
54771
54771
54771
54771
54771
54771
54771
54771
54771
54771
54771
54771
54771
54771
54771
54771
5355
54771
54771
54771
54771
5355
54771
54771
54771
54771
54771
54771
54771
54771
54771
54771
54771
54771
54771
54771
547
54771
54771
54771
54771
54771
54771
54771
54771
54771
54771
54771
54771
54771
54771
54771
54771
54771
54771
54771
54771
54771
54771
54771
54771
54771
54771
54771
54771
54771
54771
54771
54771
54771
54771
54771
54771
54771
54771
54771
54771
547
54771
54771
54771
54771
54771
54771
54771
54771
54771
5355
54771
54771
54771
5355
54771
54771
54771
54771
54771
54771
54771
54771
54771
54771
54771
54771
54771
54771
54771
54771
54771
54771
54771
54771
547
54771
54771
54771
54771
54771
54771
54771
54771
54771
547
54771
54771
54771
54771
54771
54771
54771
54771
54771
5355
54771
54771
54771
5355
54771
54771
54771
54771
54771
54771
54771
54771
54771
54771
54771
54771
54771
54771
54771
54771
54771
54771
54771
54771
54771
54771
54771
54771
54771
54771
54771
54771
54771
54771
54771
54771
54771
547
54771
54771
54771
54771
54771
54771
54771
54771
54771
54771
54771
54771
54771
54771
54771
1900
1900
54771
54771
54771
54771
54771
5355
54771
54771
54771
54771
5355
54771
54771
54771
54771
54771
54771
54771
54771
54771
54771
54771
54771
54771
54771
54771
54771
54771
54771
54771
54771
54771
54771
54771
54771
54771
54771
54771
54771
547
54771
54771
5355
54771
54771
54771
54771
54771
54771
54771
54771
54771
54771
54771
54771
54771
54771
54771
54771
5355
54771
54771
54771
547
54771
54771
54771
54771
54771
54771
54771
54771
54771
54771
54771
54771
54771
54771
54771
54771
54771
54771
54771
54771
54771
54771
54771
54771
54771
54771
54771
54771
54771
54771
54771
54771
54771
54771
54771
54771
54771
54771
547
54771
54771
54771
54771
54771
54771
54771
5355
54771
54771
54771
54771
5355
54771
54771
54771
54771
54771
54771
54771
54771
1900
1900
54771
54771
54771
54771
54771
54771
54771
54771
54771
54771
54771
54771
54771
54771
54771
547
54771
54771
54771
547
54771
54771
54771
54771
54771
54771
54771
54771
54771
54771
547
54771
54771
54771
54771
54771
54771
54771
54771
54771
54771
54771
54771
54771
54771
54771
54771
54771
54771
54771
54771
54771
547
54771
54771
54771
54771
54771
54771
54771
54771
547
54771
53
28754
54771
54771
54771
54771
54771
54771
54771
54771
547
54771
54771
54771
54771
54771
54771
54771
54771
54771
54771
54771
54771
54771
54771
54771
54771
54771
54771
54771
54771
54771
54771
54771
54771
54771
54771
54771
54771
54771
5353
54771
54771
54771
54771
54771
1900
1900
54771
54771
54771
547
54771
54771
54771
54771
54771
54771
54771
54771
54771
54771
54771
54771
1900
1900
54771
54771
54771
54771
54771
54771
54771
54771
54771
54771
54771
54771
54771
54771
54771
54771
54771
54771
54771
54771
54771
54771
54771
54771
54771
54771
54771
54771
54771
547
54771
54771
54771
54771
54771
54771
54771
54771
54771
54771
54771
54771
54771
54771
54771
54771
54771
54771
54771
54771
54771
54771
54771
54771
54771
54771
54771
54771
54771
54771
54771
54771
54771
54771
54771
54771
54771
54771
54771
54771
54771
54771
54771
54771
54771
54771
54771
54771
54771
54771
54771
54771
54771
54771
54771
54771
54771
54771
54771
54771
54771
54771
54771
54771
54771
54771
547
54771
54771
53
37163
54771
54771
54771
1900
1900
54771
54771
54771
54771
54771
54771
54771
54771
54771
54771
54771
54771
54771
53
54771
54771
54771
20982
54771
54771
54771
54771
54771
54771
54771
54771
54771
54771
54771
54771
54771
54771
54771
54771
54771
54771
54771
54771
54771
54771
54771
54771
54771
54771
54771
54771
54771
54771
54771
54771
53
54771
54771
18996
54771
54771
54771
54771
53
53
35546
27509
54771
54771
547
54771
54771
54771
54771
54771
54771
54771
54771
54771
53
53
57592
53
54771
25421
54771
2196
54771
54771
54771
54771
54771
54771
54771
54771
54771
54771
54771
54771
54771
54771
54771
547
54771
54771
53
5786
54771
53
53
53
53
31153
53
61376
53
10966
53
54771
30357
53
16421
53
54771
24014
54771
38806
53
54771
53
40716
54771
54771
52023
54771
54771
53
54771
53
36483
36644
61391
54771
25595
54771
54771
54771
53
8712
54771
54771
54771
54771
54771
54771
54771
54771
54771
54771
53
59003
54771
53
4198
54771
54771
54771
54771
53
53
53
46846
53
12069
53
54771
53
54771
1900
1900
54771
37624
26551
54771
54771
53
52505
54771
41999
54771
53
57586
53
54771
54771
30907
54771
54771
4179
54771
54771
54771
54771
54771
54771
54771
54771
54771
54771
54771
54771
54771
54771
54771
53
25441
54771
54771
547
54771
54771
54771
54771
54771
54771
54771
54771
54771
54771
54771
54771
54771
54771
54771
54771
54771
54771
54771
54771
54771
54771
54771
54771
54771
54771
54771
54771
54771
54771
54771
54771
54771
54771
54771
54771
54771
54771
54771
54771
54771
54771
54771
54771
54771
54771
54771
54771
54771
54771
54771
54771
54771
54771
54771
54771
54771
54771
54771
54771
54771
54771
54771
54771
54771
54771
54771
54771
54771
54771
54771
54771
54771
53
53
53
53
51297
53
49527
54771
54771
54771
54771
54771
54771
24339
53
7000
53
64693
53
54771
11831
53
53
56301
21214
53
53
6779
53
65259
53
54298
53
54771
16115
53
12013
54771
12013
54771
48737
53
40219
53
57510
53
12132
53
54771
10082
53
21926
54771
54771
53
35423
54771
60493
53
53
36119
53
3847
53
54771
5035
25031
53
53
30140
53
10595
53
54771
22914
53
50312
53
54771
54771
49911
53
54771
24176
53
54771
29326
53
38949
54771
53
54771
38892
57978
53
54771
13034
47132
54771
54771
54771
54771
54771
54771
54771
54771
54771
54771
54771
54771
54771
54771
54771
54771
54771
54771
54771
54771
54771
54771
54771
54771
54771
54771
54771
54771
54771
54771
54771
5355
54771
54771
54771
54771
5355
54771
54771
54771
54771
54771
54771
54771
54771
54771
54771
54771
54771
54771
53
20796
54771
54771
57191
54771
54771
54771
54771
54771
54771
53
53
7906
56034
54771
54771
54771
54771
54771
54771
5355
54771
54771
547
54771
54771
5355
54771
54771
53
33805
54771
54771
54771
54771
54771
54771
53
8196
53
14438
54771
54771
54771
54771
54771
54771
54771
54771
53
34152
53
65403
54771
53
47722
54771
54771
54771
54771
53
55767
54771
54771
54771
54771
54771
54771
54771
54771
54771
54771
5355
54771
54771
54771
5355
54771
54771
54771
547
53
30600
54771
54771
54771
54771
54771
547
54771
54771
54771
53
53
53
53
1028
43318
53
53
45652
64694
53
53
60754
13355
53
25830
5910
1414
54771
54771
53
65302
54771
54771
54771
53
1507
54771
54771
54771
53
56347
54771
54771
53
53
53
15177
34882
60527
53
53
53
14567
21304
63249
53
53
54771
59820
64451
53
54771
60777
54771
54771
54771
54771
54771
54771
54771
54771
54771
54771
54771
54771
54771
53
12020
54771
54771
54771
54771
54771
547
54771
53
30962
54771
54771
54771
54771
547
54771
53
42612
53
2958
54771
54771
54771
54771
54771
547
54771
54771
54771
54771
54771
54771
53
16309
54771
54771
54771
54771
54771
54771
54771
53
20456
53
21781
54771
54771
54771
54771
54771
53
53
53
20323
8365
18064
53
53
53
36754
53
7990
50507
9545
54771
54771
54771
54771
54771
54771
54771
54771
53
54771
54771
54771
54771
54771
54771
54771
53
54771
26756
9800
54771
54771
54771
53
53
53
53922
53
54771
8133
53
54771
54771
54771
54771
54771
54771
53
53
54771
38304
53
16813
37817
54771
13677
7097
54771
54771
54771
53
27506
53
61486
54771
54771
54771
53
54771
25811
54771
12973
54771
54771
54771
547
53
54771
58587
54771
54771
5353
5353
54771
54771
54771
54771
54771
547
54771
54771
54771
54771
54771
54771
547
54771
54771
547
54771
54771
54771
54771
54771
54771
54771
54771
54771
54771
54771
54771
54771
54771
54771
54771
54771
54771
54771
54771
54771
54771
54771
54771
54771
54771
54771
54771
54771
54771
54771
54771
54771
54771
54771
54771
54771
54771
54771
54771
54771
54771
54771
54771
54771
54771
54771
54771
54771
54771
54771
54771
54771
54771
54771
54771
54771
54771
54771
54771
54771
54771
54771
54771
54771
54771
54771
54771
54771
54771
54771
53
32974
54771
54771
547
54771
54771
54771
54771
54771
54771
54771
54771
54771
54771
54771
54771
54771
54771
54771
54771
54771
54771
54771
54771
54771
54771
54771
54771
54771
54771
54771
54771
54771
5353
5353
5353
5353
5353
5353
5353
5353
5353
5353
5353
5353
5353
5353
5353
5353
5353
5353
5353
5353
5353
5353
5353
5353
5353
5353
5353
5353
5353
5353
5353
5353
5353
5353
5353
5353
5353
5353
5353
5353
5353
5353
5353
5353
5353
5353
5353
5353
5353
5353
5353
5353
5353
5353
5353
5353
5353
5353
54771
5353
54771
54771
54771
54771
54771
54771
54771
54771
54771
54771
54771
54771
54771
54771
54771
54771
54771
54771
54771
54771
54771
54771
54771
54771
54771
54771
54771
54771
54771
54771
54771
54771
54771
54771
54771
54771
54771
54771
54771
54771
54771
54771
547
54771
54771
54771
54771
54771
54771
547
54771
54771
54771
54771
54771
54771
54771
54771
54771
54771
54771
54771
54771
54771
5353
54771
54771
54771
54771
5353
54771
54771
54771
54771
54771
54771
54771
54771
54771
54771
54771
54771
54771
547
54771
54771
54771
54771
54771
547
54771
54771
54771
54771
54771
54771
54771
54771
54771
54771
54771
54771
54771
54771
54771
54771
54771
54771
54771
54771
54771
54771
54771
54771
54771
54771
54771
54771
54771
54771
54771
54771
5355
54771
54771
54771
5355
54771
54771
54771
54771
54771
54771
54771
54771
5355
54771
54771
54771
54771
5355
54771
54771
54771
54771
54771
54771
54771
54771
54771
54771
54771
54771
54771
54771
54771
54771
54771
54771
54771
54771
54771
54771
54771
54771
54771
54771
54771
54771
54771
53
3462
54771
54771
54771
54771
54771
54771
54771
54771
54771
54771
54771
1900
54771
1900
1900
1900
54771
54771
53
6525
54771
54771
54771
54771
54771
54771
54771
54771
54771
54771
54771
54771
54771
54771
54771
54771
54771
54771
54771
54771
54771
54771
54771
54771
54771
54771
54771
54771
54771
54771
54771
54771
54771
54771
54771
54771
54771
54771
54771
54771
5355
54771
54771
54771
5355
54771
54771
54771
54771
54771
54771
54771
54771
54771
54771
54771
54771
54771
54771
54771
54771
54771
54771
54771
54771
54771
54771
54771
54771
54771
54771
54771
54771
54771
54771
54771
54771
54771
54771
54771
54771
54771
54771
54771
54771
54771
54771
54771
54771
54771
54771
54771
54771
54771
54771
54771
54771
54771
54771
54771
54771
54771
54771
54771
54771
54771
54771
54771
54771
54771
54771
54771
54771
54771
1900
54771
1900
1900
1900
54771
54771
54771
54771
54771
54771
54771
54771
54771
54771
54771
54771
54771
54771
54771
54771
54771
54771
54771
54771
54771
54771
54771
54771
54771
5355
54771
54771
54771
54771
5353
5355
54771
54771
54771
54771
54771
54771
54771
54771
54771
54771
54771
54771
54771
54771
54771
54771
54771
54771
54771
54771
54771
54771
54771
54771
54771
54771
54771
54771
54771
54771
54771
54771
547
547
54771
54771
54771
54771
54771
54771
547
54771
54771
54771
54771
54771
54771
54771
54771
54771
54771
54771
54771
54771
54771
54771
54771
54771
54771
54771
54771
54771
54771
54771
54771
54771
54771
54771
54771
54771
54771
54771
54771
54771
54771
54771
54771
54771
54771
54771
54771
54771
54771
54771
54771
54771
54771
54771
1900
54771
1900
1900
1900
54771
54771
54771
54771
54771
54771
54771
54771
5355
54771
54771
54771
54771
5355
54771
54771
54771
54771
54771
54771
54771
54771
54771
54771
54771
54771
54771
54771
54771
54771
54771
54771
54771
547
54771
54771
54771
54771
547
54771
54771
54771
54771
54771
54771
54771
54771
54771
54771
54771
54771
54771
54771
54771
54771
54771
54771
54771
54771
54771
54771
54771
54771
54771
54771
54771
54771
54771
54771
54771
54771
54771
54771
54771
54771
54771
54771
54771
54771
54771
54771
54771
54771
54771
54771
53
29361
54771
54771
54771
54771
54771
54771
54771
54771
54771
54771
54771
54771
54771
54771
54771
54771
54771
54771
54771
54771
54771
54771
54771
54771
54771
54771
5355
54771
54771
54771
547
54771
5355
54771
54771
54771
53
53
53
51062
7934
54771
54771
54771
54771
54771
54771
54771
53
54771
14880
54771
54771
5353
54771
5355
54771
61162
54771
54771
54771
5355
53
12039
54771
54771
54771
54771
54771
54771
54771
54771
54771
54771
54771
54771
54771
54771
54771
54771
547
54771
54771
54771
54771
54771
54771
54771
54771
54771
54771
54771
54771
54771
54771
54771
54771
54771
54771
54771
54771
54771
54771
54771
54771
54771
5355
54771
54771
54771
54771
54771
5355
54771
54771
54771
54771
54771
54771
54771
54771
54771
54771
5355
5355
54771
54771
54771
54771
54771
54771
54771
54771
54771
54771
54771
54771
54771
54771
54771
54771
5355
5355
54771
54771
54771
54771
5355
54771
54771
54771
54771
5355
54771
54771
54771
54771
54771
54771
54771
54771
54771
54771
54771
54771
54771
5355
54771
54771
54771
54771
5355
54771
54771
54771
54771
54771
54771
54771
54771
54771
54771
54771
54771
54771
54771
54771
54771
54771
54771
54771
547
54771
53
53
22915
54771
42970
53
53
53
53
53
53
39114
43761
59263
52499
54771
29312
35981
54771
54771
54771
54771
54771
53
55818
54771
54771
54771
54771
54771
54771
54771
54771
54771
54771
54771
54771
54771
54771
54771
54771
54771
54771
53
52164
53
54771
2161
54771
54771
54771
53
53
53
10742
53
63093
53
25293
53
54771
2604
53
13911
53
53
36145
53
39104
53
15607
53
31775
53
52512
53
12194
53
15862
53
16467
53
54771
56151
53
53127
57387
53
46840
3270
54771
26034
54771
54771
54771
53
44681
54771
54771
54771
54771
53
54771
54771
23049
53
54771
54771
2828
54771
54771
53
25486
54771
54771
53
53
27766
12469
53
53
53
54771
34968
62683
54771
21869
54771
54771
54771
54771
54771
54771
54771
54771
54771
5355
54771
54771
1900
1900
54771
54771
5355
53
45920
54771
54771
54771
54771
53
32700
54771
53
53
54771
53
32850
49862
29309
53
23127
54771
54771
54771
54771
54771
54771
54771
54771
54771
54771
54771
54771
54771
54771
547
54771
54771
54771
54771
54771
54771
54771
53
54771
54771
53
22508
54771
23710
54771
54771
54771
54771
53
53
53
54771
16318
5355
5355
5355
54771
5355
2961
54771
24427
54771
54771
53
53
61092
54771
62550
54771
53
42684
54771
54771
53
16967
54771
54771
54771
54771
54771
54771
53
3122
54771
54771
53
43811
54771
54771
54771
54771
54771
54771
54771
53
9434
547
54771
54771
54771
54771
54771
53
53
53
13319
17207
61326
54771
53
54771
27452
54771
53
15494
54771
54771
54771
54771
54771
54771
53
54771
20745
54771
54771
54771
54771
53
7527
54771
54771
54771
54771
54771
54771
53
39023
54771
54771
54771
54771
53
51084
54771
54771
54771
547
54771
53
37424
54771
54771
54771
5355
54771
53
53
53
47666
56617
53
53
34020
53
42173
53
2026
53
34475
53
10906
17107
54771
32595
54771
54771
5355
53
37398
54771
54771
53
17401
54771
54771
54771
54771
54771
54771
54771
54771
54771
54771
54771
54771
54771
1900
1900
54771
54771
54771
54771
54771
53
54771
35281
54771
54771
54771
54771
54771
54771
54771
54771
54771
54771
54771
54771
54771
54771
54771
54771
547
54771
54771
54771
54771
54771
5355
54771
54771
54771
54771
5355
54771
54771
54771
54771
54771
54771
54771
54771
54771
54771
54771
54771
54771
54771
54771
54771
54771
54771
54771
54771
54771
54771
54771
54771
54771
54771
54771
54771
54771
54771
54771
54771
54771
54771
54771
54771
54771
54771
54771
54771
54771
54771
54771
54771
54771
54771
54771
54771
5355
54771
54771
54771
54771
5355
54771
54771
54771
54771
54771
54771
54771
54771
54771
5353
54771
54771
54771
54771
54771
54771
54771
54771
54771
54771
54771
54771
54771
54771
54771
54771
54771
54771
54771
54771
54771
54771
54771
1900
1900
54771
54771
54771
54771
54771
54771
54771
54771
54771
54771
54771
54771
54771
54771
54771
54771
54771
54771
54771
54771
54771
54771
547
54771
54771
54771
54771
54771
54771
547
54771
54771
54771
54771
54771
54771
54771
54771
54771
54771
54771
54771
54771
54771
54771
54771
54771
54771
54771
54771
54771
54771
54771
54771
54771
54771
54771
54771
54771
54771
54771
54771
54771
547
54771
5355
54771
54771
54771
54771
5355
54771
54771
54771
54771
54771
54771
54771
54771
54771
54771
54771
54771
54771
54771
54771
54771
54771
54771
54771
54771
54771
54771
54771
54771
54771
5355
5355
54771
5355
5355
54771
54771
54771
54771
54771
54771
54771
54771
54771
54771
54771
54771
54771
54771
54771
5355
5355
54771
5355
5355
54771
54771
54771
54771
54771
54771
54771
54771
54771
54771
54771
54771
54771
54771
54771
54771
54771
54771
54771
54771
54771
54771
54771
54771
54771
54771
54771
54771
54771
54771
54771
54771
54771
54771
54771
54771
54771
54771
54771
54771
54771
54771
54771
54771
54771
54771
54771
54771
54771
54771
54771
54771
54771
5355
54771
54771
54771
5355
54771
54771
54771
5353
54771
5353
54771
54771
54771
54771
54771
54771
54771
54771
54771
5353
54771
54771
54771
54771
54771
54771
54771
54771
54771
5353
54771
54771
54771
54771
54771
54771
54771
54771
5353
54771
54771
54771
54771
54771
54771
54771
54771
54771
54771
54771
54771
54771
54771
54771
54771
54771
5353
54771
54771
54771
54771
54771
54771
54771
54771
54771
54771
54771
54771
54771
54771
54771
54771
54771
54771
54771
54771
54771
54771
54771
54771
54771
54771
5353
54771
54771
54771
54771
54771
54771
54771
54771
54771
54771
5353
54771
54771
54771
54771
5353
54771
54771
54771
54771
54771
54771
54771
54771
5355
54771
53
33864
54771
54771
5355
54771
54771
54771
54771
54771
54771
54771
54771
54771
54771
5355
54771
54771
54771
54771
5355
54771
54771
54771
54771
54771
54771
54771
54771
54771
54771
54771
54771
54771
54771
54771
54771
54771
5353
54771
54771
54771
54771
54771
54771
54771
54771
54771
54771
54771
54771
54771
54771
54771
54771
54771
54771
54771
54771
54771
54771
54771
54771
54771
54771
5353
54771
54771
54771
54771
54771
54771
54771
54771
54771
54771
53
38395
54771
54771
54771
54771
54771
53
53
44080
5035
54771
54771
54771
54771
54771
54771
54771
54771
54771
54771
54771
54771
54771
54771
54771
5355
54771
54771
54771
54771
5355
54771
54771
54771
54771
5355
54771
54771
54771
5355
54771
5355
54771
54771
5355
54771
54771
54771
54771
547
53
53
51337
52153
54771
54771
54771
5355
54771
54771
54771
5355
54771
54771
54771
54771
547
54771
53
45729
54771
53
63482
54771
54771
54771
54771
53
61524
54771
54771
54771
53
6904
54771
54771
54771
54771
54771
54771
54771
54771
54771
54771
54771
54771
54771
54771
54771
54771
54771
54771
54771
54771
54771
54771
547
54771
54771
54771
54771
54771
54771
54771
54771
547
54771
54771
54771
54771
54771
54771
54771
53
46540
54771
54771
54771
54771
54771
54771
54771
54771
54771
54771
54771
54771
54771
54771
54771
54771
54771
54771
54771
54771
54771
54771
54771
54771
54771
54771
54771
53
9003
54771
54771
54771
54771
54771
5355
54771
54771
54771
54771
5355
53
2857
54771
54771
54771
54771
54771
54771
54771
54771
53
45413
5355
54771
54771
54771
54771
5355
54771
54771
54771
54771
53
6844
54771
54771
54771
54771
54771
54771
54771
53
54771
54771
53
54771
9064
54771
54771
54771
54771
54771
42936
54771
54771
54771
547
54771
54771
54771
54771
54771
54771
54771
54771
54771
54771
54771
54771
53
54771
54771
54771
54771
54771
54771
8281
54771
54771
54771
54771
54771
54771
54771
54771
54771
54771
54771
54771
54771
54771
54771
54771
54771
54771
54771
54771
54771
54771
54771
54771
54771
54771
54771
54771
54771
54771
54771
54771
54771
53
53
53
8468
44501
45016
54771
53
48582
53
53
53
51810
53
51330
53
54771
52586
54771
54771
54771
54771
45561
45090
54771
54771
54771
5355
54771
5355
53
25342
5355
5355
53
48701
1900
53
19567
53
39276
53
27576
53
14340
547
53
19704
547
53
53
53
54944
16807
53
53
52615
42492
53
21325
5355
50625
5355
53
61846
53
62036
53
6028
53
45507
5353
53
33455
53
40681
1900
53
10696
53
57619
547
53
53
53
8282
53
33768
56947
53
53
17622
59053
31773
53
59308
53
53878
53
5501
5355
5355
53
56140
53
31747
53
60398
1900
5355
5355
53
31182
547
53
53
50169
9108
5355
53
5355
58822
53
20171
53
27076
547
547
53
53
41881
29742
53
32560
53
53
5355
10586
5355
547
547
10885
53
53
53
34449
49515
12983
53
13766
547
53
35079
53
53
53
36638
53
47643
53
61806
36616
53
53
5355
40650
53
39617
53
21437
53
5355
61499
53
32374
53
3040
53
41338
53
5881
5355
53
5355
43782
53
60136
53
3193
53
39054
53
55328
53
32155
53
26644
53
53
1785
5355
5355
53
49702
11585
53
39245
53
5993
53
52277
59987
53
14632
37513
547
53
12761
53
12398
53
3073
53
46547
53
29325
53
53
64360
11649
53
23454
53
5789
547
53
49948
53
24781
53
39979
53
59675
5353
5353
5353
5353
5353
5353
5353
5353
547
53
51373
53
64324
5353
547
53
6236
547
53
63409
53
42707
547
53
53
12978
64224
5353
53
31521
5353
547
53
7382
53
46723
53
61923
547
53
53
13559
62618
547
547
53
29095
547
53
18631
547
547
5353
53
53
53
53
48494
64449
13139
54066
53
57526
53
40344
53
53638
53
58652
547
547
547
547
53
53
57952
47875
64925
547
547
547
53
15891
