546	148
7338	73
48883	479
42953	75
51848	79
64131	85
53	89
9438	84
53	272
53	279
31734	75
59540	75
53	162
23793	75
53	161
53	139
53	251
53	139
48883	480
48883	480
48883	480
48883	480
546	153
48883	480
48883	480
48883	480
48883	480
48883	480
48883	480
48883	480
48883	480
48883	480
48883	480
48883	480
48883	480
48883	480
48883	480
48883	480
48883	480
48883	480
48883	480
48883	480
48883	480
48883	479
48883	480
48883	480
48883	480
48883	480
48883	480
48883	480
546	147
48883	480
48883	480
48883	480
48883	480
48883	480
48883	480
48883	480
48883	480
48883	480
48883	480
48883	480
48883	480
48883	480
48883	480
48883	480
48883	480
48883	480
48883	479
48883	480
48883	480
48883	480
48883	480
48883	480
48883	480
48883	480
48883	480
48883	480
48883	480
48883	480
48883	480
48883	480
48883	480
48883	480
48883	480
48883	480
48883	480
48883	480
48883	480
48883	480
48883	480
48883	480
546	153
48883	480
48883	479
48883	480
546	148
48883	480
48883	480
48883	480
48883	480
48883	480
48883	480
546	153
48883	480
48883	480
5353	99
48883	480
48883	480
48883	480
48883	480
5353	519
48883	480
48883	480
48883	480
48883	480
48883	480
48883	480
48883	480
48883	480
48883	480
48883	480
48883	479
48883	480
48883	480
48883	480
48883	480
48883	480
48883	480
546	159
48883	480
48883	480
48883	480
48883	480
48883	480
48883	480
48883	480
48883	480
48883	480
546	150
48883	480
48883	480
48883	480
48883	480
48883	480
48883	480
546	151
48883	480
48883	480
48883	480
48883	479
48883	480
48883	480
48883	480
48883	480
48883	480
48883	480
48883	480
48883	480
48883	480
48883	480
48883	480
48883	480
48883	480
48883	480
48883	480
48883	480
48883	480
48883	480
48883	480
48883	480
48883	480
48883	480
546	162
48883	480
48883	479
48883	480
48883	480
48883	480
48883	480
48883	480
48883	480
48883	480
48883	480
48883	480
48883	480
48883	480
48883	480
48883	480
546	148
48883	480
48883	480
48883	480
48883	480
48883	480
52116	84
48883	480
48883	480
48883	480
48883	480
52116	84
48883	480
48883	480
48883	479
48883	480
48883	480
48883	480
48883	480
48883	480
48883	480
48883	480
48883	480
48883	480
48883	480
48883	480
48883	480
48883	480
48883	480
48883	480
48883	480
48883	480
48883	480
48883	480
48883	480
48883	480
48883	480
48883	480
48883	479
48883	480
48883	480
48883	480
48883	480
48883	480
48883	480
48883	480
48883	480
48883	480
48883	480
48883	480
48883	480
48883	480
48883	480
546	145
48883	480
48883	480
48883	480
48883	480
48883	480
48883	480
48883	480
48883	480
48883	480
48883	480
48883	479
48883	480
48883	480
48883	480
48883	480
48883	480
48883	480
48883	480
546	148
48883	480
48883	480
48883	480
48883	480
48883	480
48883	480
546	153
48883	480
48883	480
48883	480
48883	480
48883	480
48883	480
48883	480
48883	480
48883	480
48883	480
48883	479
48883	480
48883	480
48883	480
48883	480
48883	480
48883	480
48883	480
48883	480
48883	480
48883	480
48883	480
48883	480
48883	480
48883	480
48883	480
48883	480
48883	480
48883	480
48883	480
48883	480
48883	480
50565	84
48883	480
48883	480
48883	480
48883	479
50565	84
48883	480
48883	480
48883	480
48883	480
48883	480
48883	480
48883	480
48883	480
48883	480
48883	480
48883	480
48883	480
48883	480
48883	480
48883	480
48883	480
48883	480
48883	480
48883	480
48883	480
48883	480
48883	480
48883	480
48883	479
48883	480
48883	480
48883	480
48883	480
546	116
48883	480
48883	480
48883	480
48883	480
48883	480
546	157
48883	480
48883	480
546	159
48883	480
48883	480
48883	480
48883	480
48883	480
48883	480
48883	480
48883	480
48883	480
48883	480
48883	480
48883	480
48883	480
48883	479
48883	480
48883	480
48883	480
48883	480
48883	480
48883	480
48883	480
48883	480
52260	89
48883	480
48883	480
48883	480
48883	480
52260	89
48883	480
48883	480
48883	480
52637	84
48883	480
48883	480
48883	480
546	147
546	147
52637	84
48883	480
48883	480
48883	480
48883	480
48883	480
48883	479
48883	480
48883	480
48883	480
48883	480
48883	480
48883	480
48883	480
48883	480
48883	480
48883	480
48883	480
48883	480
48883	480
48883	480
48883	480
48883	480
48883	480
48883	480
48883	480
48883	480
48883	480
48883	480
48883	480
48883	480
64440	71
62903	84
48883	479
53	138
48883	480
48883	480
48883	480
62903	84
48883	480
48883	480
48883	480
48883	480
48883	480
52090	81
48883	480
53	158
48883	480
48883	480
48883	480
48883	480
48883	480
48883	480
48883	480
48883	480
48883	480
48883	480
48883	480
48883	480
48883	480
48883	480
23475	84
53	304
48883	479
48883	480
48883	480
48883	480
48883	480
48883	480
48883	480
48883	480
53519	78
4191	75
51452	76
53	141
53	216
38895	82
30422	75
53	130
40224	81
48883	480
53	158
37626	81
53	146
16128	71
48883	480
53	135
23310	71
53	170
52526	75
53	123
17729	71
53	158
35599	71
53	87
40338	76
48883	480
53	112
62230	70
53	86
46135	70
53	111
60718	72
53	87
10192	78
48883	480
53	116
21918	71
53	109
61558	81
48883	480
53	98
46390	73
48883	480
53	111
13104	71
53	87
25340	87
48883	480
53	109
12822	77
48883	480
48883	480
53	89
22916	75
53	285
27800	76
53	92
48883	480
48883	480
53	103
53	93
48883	480
48883	480
48883	480
48883	480
48883	480
48883	480
48883	479
48883	480
48883	480
48883	480
48883	480
48883	480
48883	480
48883	480
48883	480
61872	89
546	151
48883	480
48883	480
48883	480
48883	480
61872	89
546	146
48883	480
48883	480
48883	480
48883	480
48883	480
48883	480
48883	480
48883	480
48883	480
50907	84
48883	480
48883	480
48883	479
48883	480
50907	84
48883	480
48883	480
48883	480
48883	480
48883	480
48883	480
48883	480
48883	480
48883	480
48883	480
48883	480
48883	480
48883	480
48883	480
48883	480
48883	480
48883	480
48883	480
48883	480
48883	480
48883	480
48883	480
48883	480
48883	479
48883	480
48883	480
546	146
60071	84
48883	480
48883	480
48883	480
48883	480
60071	84
48883	480
48883	480
48883	480
48883	480
48883	480
48883	480
48883	480
48883	480
48883	480
48883	480
48883	480
48883	480
48883	480
48883	480
48883	480
48883	480
48883	480
48883	479
48883	480
48883	480
48883	480
48883	480
48883	480
48883	480
48883	480
48883	480
48883	480
48883	480
48883	480
48883	480
48883	480
48883	480
48883	480
48883	480
48883	480
48883	480
48883	480
48883	480
48883	480
48883	480
48883	480
48883	480
48883	479
48883	480
48883	480
48883	480
48883	480
48883	480
48883	480
48883	480
48883	480
48883	480
48883	480
48883	480
48883	480
48883	480
48883	480
48883	480
48883	480
48883	480
48883	480
48883	480
546	148
48883	480
48883	480
48883	480
48883	480
48883	479
48883	480
546	153
48883	480
48883	480
48883	480
48883	480
546	146
48883	480
48883	480
48883	480
48883	480
48883	480
48883	480
48883	480
48883	480
48883	480
48883	480
2006	75
53	134
48883	480
48883	480
48883	480
48883	480
48883	480
546	153
48883	480
48883	480
48883	480
48883	480
48883	479
48883	480
48883	480
48883	480
48883	480
48883	480
62866	84
48883	480
48883	480
48883	480
48883	480
62866	84
48883	480
48883	480
48883	480
48883	480
48883	480
48883	480
48883	480
48883	480
48883	480
48883	480
48883	480
48883	480
48883	480
48883	480
48883	479
48883	480
48883	480
48883	480
48883	480
48329	84
53	170
48883	480
48883	480
48883	480
63230	76
53	92
48883	480
48883	480
48883	480
48883	480
48883	480
48883	480
20107	78
5027	80
53	94
53	96
48883	480
48883	480
48883	480
48883	480
48883	480
48883	480
48883	480
48883	480
48883	480
48883	480
48883	480
48883	479
48883	480
48883	480
48883	480
48883	480
48883	480
48883	480
48883	480
48883	480
48883	480
48883	480
48883	480
48883	480
48883	480
48883	480
48883	480
48883	480
48883	480
48883	480
48883	480
48883	480
48883	480
48883	480
48883	480
48883	479
48883	480
48883	480
48883	480
48883	480
48883	480
48883	480
48883	480
48883	480
48883	480
48883	480
48883	480
59960	78
53	94
48883	480
48883	480
48883	480
58781	76
55082	76
25954	76
53	92
40488	76
53	92
54513	76
53	92
53025	76
53	92
30715	76
53	92
2009	81
46994	76
53	92
48883	480
53	92
11171	76
53	92
53	92
43598	76
51439	76
53	92
26155	76
53	92
63892	77
53	97
56088	80
53	96
59460	76
48883	480
49695	84
53	135
17310	76
53	92
62134	76
53	92
20876	75
48883	480
53	92
11047	76
53	92
7077	76
53	93
42980	76
53	92
56594	76
53	92
35178	76
53	92
37122	76
53	92
42806	77
48883	480
53	91
52385	76
53	92
61652	76
53	92
7414	76
53	92
5630	76
48883	480
53	93
48853	76
53	92
48103	76
48883	480
53	92
35028	76
49695	84
53	92
28593	76
53	92
25580	76
53	92
58492	76
53	92
6436	76
53	92
7701	76
53	92
35926	76
53	92
24446	76
53	92
19377	76
48883	480
53	92
10621	77
53	93
3720	75
53	120
22740	76
53	92
5315	83
53	92
48883	480
53	99
48883	480
48883	480
48883	479
53	92
48883	480
48883	480
48883	480
48883	480
48883	480
48883	480
48883	480
48883	480
48883	480
59150	84
48883	480
48883	480
48883	480
48883	480
59150	84
48883	480
48883	480
48883	480
48883	480
48883	480
48883	480
48883	480
63423	181
63423	179
546	150
48883	480
48883	480
48883	480
48883	479
48883	480
48883	480
25799	72
48883	480
48883	480
53	168
48883	480
48883	480
32876	72
53	168
48883	480
48883	480
38687	79
53	279
48883	480
48883	480
48883	480
546	146
48883	480
48883	480
48883	480
48883	480
48883	480
48883	480
48883	480
48883	480
48883	480
48883	480
48883	480
48883	480
48883	480
48883	479
48883	480
59814	73
48883	480
58433	73
53	128
48883	480
48883	480
53	139
48883	480
48883	480
48883	480
48883	480
48883	480
546	150
48883	480
48883	480
48883	480
48883	480
48883	480
48883	480
48883	480
48883	480
48883	480
48883	480
48883	480
48883	480
48883	480
48883	480
48883	479
48883	480
48883	480
48883	480
48883	480
48883	480
48883	480
48883	480
60033	94
48883	480
53	124
48883	480
48883	480
48883	480
48883	480
48883	480
48883	480
48883	480
48883	480
48883	480
48883	480
48883	480
48883	480
48883	480
48883	480
48883	480
48883	480
48883	479
48883	480
48883	480
48883	480
48883	480
48883	480
546	147
48883	480
48883	480
48883	480
48883	480
61153	208
48883	480
48883	480
48883	480
48883	480
48883	480
56437	90
53	106
48883	480
39573	79
53	129
48883	480
48883	480
48883	480
53243	84
48883	480
48883	480
20734	80
53	130
48883	480
48883	480
53243	84
48883	480
48883	479
48883	480
48883	480
48883	480
48883	480
48883	480
48883	480
48883	480
59791	71
53	279
26908	84
48883	480
53	144
48883	480
48883	480
40396	77
53	141
48883	480
48883	480
63423	181
63423	179
48883	480
546	150
48883	480
48883	480
48883	480
48883	480
48883	480
48883	480
48883	480
48883	480
48883	480
48883	480
46550	76
55860	76
53	116
53	121
48883	480
5353	101
48883	479
48883	480
5353	200
48883	480
48883	480
48883	480
48883	480
48883	480
48883	480
48883	480
48883	480
48883	480
48883	480
48883	480
48883	480
48883	480
48883	480
48883	480
48883	480
48883	480
48883	480
48883	480
48883	480
48883	480
48883	480
47943	76
53	140
48883	479
48883	480
48883	480
48883	480
48883	480
48883	480
48883	480
14166	71
22179	83
53	126
53	169
48883	480
48883	480
48883	480
48883	480
48883	480
34718	87
48883	480
53	160
546	151
48883	480
48883	480
5305	83
48883	480
53	99
48883	480
48883	480
48883	480
48883	480
48883	480
48883	480
48883	480
48883	480
11750	80
53	135
48883	480
47517	79
53	279
48883	479
48883	480
48883	480
48883	480
48883	480
48883	480
48883	480
48883	480
48883	480
48883	480
48883	480
48883	480
48883	480
48883	480
48883	480
48883	480
48831	90
53	106
48883	480
39961	89
59704	92
64784	92
53	105
58719	80
53	108
53	108
53	176
48883	480
48883	480
4120	76
48883	480
48883	480
48883	480
53	172
48883	480
57636	84
48883	480
48883	479
48883	480
48883	480
61153	208
57636	84
48883	480
29055	85
53	173
48883	480
60669	125
13266	89
61332	76
62743	80
53	162
53	168
48883	480
53	177
53	141
48883	480
48883	480
48883	480
48883	480
48883	480
48883	480
48883	480
48883	480
49165	88
53	177
48883	480
48883	480
22693	87
30901	83
53	115
48883	480
53	142
48883	480
48883	480
48883	480
48883	480
48883	480
48883	480
48883	480
48883	480
48883	479
48883	480
48883	480
48883	480
48883	480
63423	181
63423	179
48883	480
48883	480
48883	480
48883	480
48883	480
48883	480
48883	480
48883	480
48883	480
48883	480
60069	84
53	158
48883	480
30459	92
11981	87
22465	79
53	103
53	108
35223	76
61469	89
53	105
17091	71
53	254
61754	86
53	102
28816	72
53	88
31037	81
53	97
18424	70
53	86
48883	480
48883	480
20550	71
53	276
48883	480
48883	480
48883	480
53	134
48883	480
48883	480
37379	79
48883	480
53	188
48883	479
48883	480
48883	480
53	172
48883	480
48883	480
48883	480
48883	480
48883	480
24746	82
58025	84
53	195
53	186
48883	480
9920	76
53	92
48883	480
48883	480
23166	76
36265	77
48413	73
4884	80
53	171
53	138
48883	480
53	168
53	121
46595	82
53	134
48883	480
7490	95
64164	73
2230	77
53	111
54069	76
53	89
41070	75
48883	480
21044	79
48883	480
48883	480
48883	480
53	175
48883	480
5515	71
53	87
48883	480
546	147
48883	480
546	150
44901	77
50395	76
46003	75
50202	81
48883	480
48883	480
53	241
53	152
51016	76
48883	480
53	92
63878	71
48883	480
48883	480
48883	479
53	105
18527	76
48883	480
53	92
43312	75
53	105
48883	480
53	129
49904	77
48883	480
53	91
48883	480
48883	480
53	93
48883	480
48883	480
48883	480
48883	480
48883	480
48883	480
48883	480
48883	480
48883	480
48883	480
48883	480
48883	480
48883	480
48883	480
53	93
53	93
48883	480
48883	480
48883	480
48883	480
48883	479
48883	480
48883	480
48883	480
63985	78
53	132
48883	480
48883	480
48883	480
48883	480
51080	84
48883	480
48883	480
48883	480
48883	480
53	152
51080	84
48883	480
48883	480
48883	480
48883	480
48883	480
48883	480
48883	480
61153	208
48883	480
48883	480
48883	480
48883	480
29557	72
53	249
48883	480
546	146
6621	80
11695	75
46215	79
59229	76
48883	480
53	151
53	91
42926	74
53	207
53	90
48883	479
53	232
48883	480
48883	480
48883	480
48883	480
48883	480
48883	480
31539	83
53	115
13812	78
29281	83
51728	73
21852	84
4765	79
53	187
53	197
53	118
53	201
4899	74
6185	73
53	113
53	108
41490	71
48976	77
48883	480
53	123
55876	80
53	89
33077	76
53	126
53	122
47649	78
11001	77
53	94
53	87
53	93
12813	74
53	90
43319	76
53	130
30978	78
52760	73
24153	74
53	112
12394	81
48883	480
53	129
45108	74
53	120
62869	80
53	96
19038	74
53	174
53	142
48883	480
53	111
48883	480
48883	480
48883	480
44764	82
11259	72
54270	76
56320	80
38088	75
53	98
53	116
53	135
48883	480
53	148
48883	480
53	207
48883	480
48883	480
48883	480
48883	480
48883	480
48883	480
48883	480
48883	480
48883	480
48883	479
48883	480
48883	480
48883	480
48883	480
48883	480
48883	480
48883	480
48883	480
48883	480
546	151
48883	480
48883	480
24189	82
16390	79
53	114
53	155
48883	480
48883	480
48883	480
63806	73
28635	74
53	127
53	128
48883	480
48883	480
48883	480
48883	480
48883	480
48883	480
48883	480
48883	480
48883	480
48883	480
48883	479
48883	480
48883	480
48883	480
48883	480
48883	480
48883	480
48883	480
48883	480
48883	480
48883	480
48883	480
48883	480
2821	76
47759	106
48883	480
45292	70
53	102
53	289
48883	480
53	154
48883	480
48883	480
48883	480
48883	480
29390	73
53	89
48883	480
48883	480
48883	480
48883	480
48883	480
31482	72
53	88
48883	479
53458	75
53	91
48883	480
48883	480
48883	480
48883	480
19610	73
34053	73
48883	480
53	89
53	168
48883	480
7021	73
64147	92
26678	74
53	108
17113	73
53	90
11853	76
53	89
64282	79
53	92
48883	480
53	95
53	89
48883	480
48883	480
48883	480
48883	480
48883	480
53956	84
48883	480
48883	480
1952	73
48883	480
53	166
53956	84
48883	480
48883	480
8412	83
53	278
48883	480
29658	77
53	205
48883	480
48883	480
48883	480
48883	480
48883	480
19238	74
39783	72
48883	480
53	90
53	166
45391	79
53	120
48883	479
48883	480
43454	78
53	275
27129	88
53507	71
53	159
53	141
48883	480
48883	480
48883	480
58092	78
48883	480
22929	78
53	110
53	131
48883	480
48883	480
48883	480
48883	480
48883	480
48883	480
59546	76
48883	480
53	92
48883	480
48883	480
48883	480
48883	480
48883	480
48883	480
48883	480
48883	480
48883	480
48883	480
48883	480
48883	479
48883	480
48883	480
48883	480
48883	480
48883	480
48883	480
48883	480
48883	480
48883	480
48883	480
48883	480
546	154
48883	480
48883	480
48883	480
48883	480
48883	480
48883	480
48883	480
48883	480
546	148
48883	480
48883	480
48883	480
48883	480
48883	480
48883	479
546	153
48883	480
38932	85
53	101
48883	480
48883	480
48883	480
48883	480
48883	480
48883	480
48883	480
48883	480
51768	81
48883	480
53	97
48883	480
48883	480
8786	75
53	107
48883	480
48883	480
48883	480
48883	480
48883	480
48883	480
48883	480
48883	480
48883	480
48883	480
48883	480
48883	479
48883	480
48883	480
48883	480
48883	480
48883	480
48883	480
546	135
48883	480
48883	480
48883	480
48883	480
48883	480
48883	480
48883	480
48883	480
48883	480
48883	480
48883	480
48883	480
48883	480
48883	480
48883	480
48883	480
48883	480
48883	480
48883	479
48883	480
48883	480
48883	480
48883	480
48883	480
48883	480
63676	93
48883	480
48883	480
48883	480
48883	480
63676	93
48883	480
48883	480
48883	480
48883	480
48883	480
48883	480
48883	480
48883	480
48883	480
48883	480
48883	480
48883	480
48883	480
48883	479
48883	480
48883	480
48883	480
48883	480
48883	480
48883	480
48883	480
48883	480
48883	480
48883	480
48883	480
48883	480
48883	480
54505	84
48883	480
48883	480
48883	480
48883	480
54505	84
48883	480
48883	480
48883	480
48883	480
48883	480
48883	480
48883	480
48883	479
48883	480
48883	480
48883	480
48883	480
48883	480
48883	480
546	150
48883	480
48883	480
48883	480
48883	480
48883	480
48883	480
48883	480
48883	480
48883	480
48883	480
48883	480
48883	480
48883	480
48883	480
48883	480
48883	480
48883	480
48883	479
48883	480
48883	480
48883	480
48883	480
48883	480
48883	480
48883	480
48883	480
48883	480
48883	480
48883	480
48883	480
48883	480
48883	480
48883	480
48883	480
48883	480
48883	480
48883	480
48883	480
48883	480
48883	480
546	153
48883	480
48883	480
48883	479
48883	480
48883	480
48883	480
48883	480
48883	480
48883	480
56377	93
48883	480
48883	480
48883	480
56377	93
48883	480
48883	480
48883	480
48883	480
48883	480
48883	480
48883	480
48883	480
48883	480
48883	480
48883	480
48883	480
48883	480
48883	480
48883	479
48883	480
48883	480
48883	480
48883	480
48883	480
546	159
48883	480
48883	480
48883	480
48883	480
48883	480
48883	480
48883	480
48883	480
48883	480
546	150
48883	480
48883	480
48883	480
48883	480
48883	480
48883	480
48883	480
48883	480
48883	480
54335	84
48883	480
48883	479
48883	480
54335	84
48883	480
48883	480
48883	480
48883	480
48883	480
48883	480
48883	480
48883	480
48883	480
48883	480
48883	480
48883	480
48883	480
48883	480
48883	480
48883	480
48883	480
48883	480
48883	480
48883	480
48883	480
48883	480
48883	479
48883	480
48883	480
48883	480
48883	480
48883	480
48883	480
48883	480
48883	480
48883	480
48883	480
546	128
48883	480
48883	480
48883	480
48883	480
48883	480
48883	480
48883	480
48883	480
48883	480
48883	480
48883	480
48883	480
48883	480
48883	480
48883	479
49169	181
49169	179
48883	480
48883	480
48883	480
48883	480
48883	480
60225	93
48883	480
48883	480
48883	480
48883	480
60225	93
48883	480
48883	480
48883	480
48883	480
48883	480
48883	480
48883	480
48883	480
48883	480
48883	480
48883	480
48883	480
48883	480
48883	480
48883	479
48883	480
48883	480
48883	480
48883	480
48883	480
48883	480
48883	480
48883	480
48883	480
48883	480
48883	480
48883	480
48883	480
546	145
48883	480
48883	480
61530	86
48883	480
48883	480
48883	480
48883	480
48883	480
48883	480
48883	480
48883	480
48883	480
48883	479
48883	480
48883	480
48883	480
48883	480
48883	480
48883	480
61530	86
48883	480
48883	480
48883	480
546	148
48883	480
48883	480
48883	480
48883	480
48883	480
48883	480
48883	480
48883	480
48883	480
48883	480
48883	480
48883	480
48883	480
48883	480
48883	479
48883	480
48883	480
48883	480
48883	480
48883	480
48883	480
48883	480
48883	480
48883	480
48883	480
48883	480
48883	480
48883	480
48883	480
48883	480
48883	480
48883	480
48883	480
48883	480
48883	480
48883	480
48883	480
48883	480
546	148
48883	480
48883	479
48883	480
48883	480
48883	480
48883	480
48883	480
59601	93
48883	480
48883	480
48883	480
48883	480
59601	93
48883	480
48883	480
48883	480
48883	480
48883	480
48883	480
48883	480
48883	480
49169	181
49169	179
48883	480
48883	480
48883	480
48883	480
48883	480
48883	480
48883	479
48883	480
48883	480
48883	480
48883	480
48883	480
48883	480
48883	480
48883	480
546	157
48883	480
48883	480
48883	480
546	159
48883	480
48883	480
48883	480
48883	480
48883	480
48883	480
48883	480
48883	480
48883	480
48883	480
546	156
48883	480
48883	480
48883	480
48883	479
48883	480
48883	480
48883	480
48883	480
48883	480
48883	480
48883	480
48883	480
48883	480
48883	480
48883	480
48883	480
48883	480
48883	480
48883	480
48883	480
48883	480
546	147
48883	480
48883	480
48883	480
48883	480
48883	480
48883	480
48883	479
48883	480
546	148
48883	480
28754	72
53	149
48883	480
48883	480
48883	480
48883	480
48883	480
48883	480
48883	480
48883	480
546	156
48883	480
48883	480
48883	480
48883	480
48883	480
48883	480
48883	480
48883	480
48883	480
48883	480
48883	480
48883	480
48883	480
48883	480
48883	479
48883	480
48883	480
48883	480
48883	480
48883	480
48883	480
48883	480
48883	480
48883	480
48883	480
48883	480
48883	480
48883	480
48883	480
5353	548
48883	480
48883	480
48883	480
48883	480
48883	480
55421	181
55421	179
48883	480
48883	480
48883	480
546	146
48883	480
48883	479
48883	480
48883	480
48883	480
48883	480
48883	480
48883	480
48883	480
48883	480
48883	480
48883	480
49169	181
49169	179
48883	480
48883	480
48883	480
48883	480
48883	480
48883	480
48883	480
48883	480
48883	480
48883	480
48883	480
48883	480
48883	480
48883	480
48883	479
48883	480
48883	480
48883	480
48883	480
48883	480
48883	480
48883	480
48883	480
48883	480
48883	480
48883	480
48883	480
48883	480
48883	480
546	156
48883	480
48883	480
48883	480
48883	480
48883	480
48883	480
48883	480
48883	480
48883	480
48883	479
48883	480
48883	480
48883	480
48883	480
48883	480
48883	480
48883	480
48883	480
48883	480
48883	480
48883	480
48883	480
48883	480
48883	480
48883	480
48883	480
48883	480
48883	480
48883	480
48883	480
48883	480
48883	480
48883	480
48883	480
48883	479
48883	480
48883	480
48883	480
48883	480
48883	480
48883	480
48883	480
48883	480
48883	480
48883	480
48883	480
48883	480
48883	480
48883	480
48883	480
48883	480
48883	480
48883	480
48883	480
48883	480
48883	480
48883	480
48883	480
48883	479
48883	480
48883	480
48883	480
48883	480
48883	480
48883	480
48883	480
546	148
48883	480
48883	480
37163	79
53	95
48883	480
48883	480
48883	480
55421	181
55421	179
48883	480
48883	480
48883	480
48883	480
48883	480
48883	480
48883	480
48883	480
48883	480
48883	480
48883	480
48883	480
48883	479
20982	73
48883	480
48883	480
48883	480
53	158
48883	480
48883	480
48883	480
48883	480
48883	480
48883	480
48883	480
48883	480
48883	480
48883	480
48883	480
48883	480
48883	480
48883	480
48883	480
48883	480
48883	480
48883	480
48883	480
48883	480
48883	479
48883	480
48883	480
48883	480
48883	480
48883	480
48883	480
48883	480
48883	480
48883	480
48883	480
48883	480
18996	86
48883	480
48883	480
53	214
48883	480
48883	480
48883	480
48883	480
35546	86
27509	82
53	186
53	98
48883	480
48883	480
546	153
48883	480
48883	480
48883	480
48883	480
48883	480
48883	479
48883	480
48883	480
48883	480
57592	79
2196	77
53	173
25421	80
48883	480
53	96
48883	480
53	279
48883	480
48883	480
48883	480
48883	480
48883	480
48883	480
48883	480
48883	480
48883	480
48883	480
48883	480
48883	480
48883	480
48883	480
48883	480
546	156
48883	480
48883	480
5786	74
53	90
48883	480
24014	76
31153	78
30357	71
16421	78
53	110
61376	64
53	96
10966	79
53	95
61391	80
48883	479
53	138
38806	70
53	158
36644	74
48883	480
53	246
48883	480
53	86
40716	84
48883	480
52023	81
53	148
48883	480
48883	480
53	151
48883	480
48883	480
36483	80
48883	480
25595	74
53	110
53	287
53	110
48883	480
53	287
48883	480
48883	480
48883	480
8712	78
53	170
48883	480
48883	480
48883	480
48883	480
48883	480
48883	480
48883	480
48883	480
48883	480
48883	480
59003	77
53	281
48883	480
4198	79
53	129
48883	480
48883	479
48883	480
48883	480
4179	80
46846	70
12069	71
53	111
26551	78
53	87
41999	74
48883	480
37624	85
48883	480
55421	181
55421	179
48883	480
53	131
53	170
48883	480
48883	480
52505	85
53	199
48883	480
53	113
48883	480
57586	74
53	133
30907	80
48883	480
48883	480
53	251
48883	480
48883	480
53	251
48883	480
48883	480
48883	480
48883	480
48883	480
48883	480
48883	480
48883	480
48883	480
48883	480
48883	479
48883	480
48883	480
48883	480
48883	480
25441	81
53	151
48883	480
48883	480
546	150
48883	480
48883	480
48883	480
48883	480
48883	480
48883	480
48883	480
48883	480
48883	480
48883	480
48883	480
48883	480
48883	480
48883	480
48883	480
48883	480
48883	480
48883	480
48883	479
48883	480
48883	480
48883	480
48883	480
48883	480
48883	480
48883	480
48883	480
48883	480
48883	480
48883	480
48883	480
48883	480
48883	480
48883	480
48883	480
48883	480
48883	480
48883	480
48883	480
48883	480
48883	480
48883	480
48883	479
48883	480
48883	480
48883	480
48883	480
48883	480
48883	480
48883	480
48883	480
48883	480
48883	480
48883	480
48883	480
48883	480
48883	480
48883	480
48883	480
48883	480
48883	480
48883	480
48883	480
48883	480
48883	480
48883	480
48883	480
48883	479
48883	480
48883	480
48883	480
48883	480
48883	480
49527	73
48737	82
51297	70
24339	85
53	86
11831	76
53	160
48883	480
48883	480
48883	480
48883	480
48883	480
48883	480
53	101
7000	79
53	95
64693	82
53	98
21214	85
48883	480
53	164
57191	73
56301	76
53	156
53	101
6779	74
35423	82
53	136
65259	86
53	154
54298	79
53	95
16115	70
48883	480
53	169
3847	86
22295	100
48883	480
22295	433
48883	480
53	98
40219	73
53	131
57510	79
53	109
12132	74
53	90
10082	81
48883	480
53	135
21926	91
53	141
48883	480
48883	480
60493	81
53	98
48883	480
53	135
36119	91
25031	73
53	141
38892	75
53	147
5035	80
48883	480
53	182
53	89
30140	83
22914	79
53	121
10595	78
53	108
13034	82
48883	480
53	95
50312	75
53	91
49911	83
48883	480
48883	480
53	99
24176	78
48883	479
53	94
29326	70
48883	480
53	86
38949	82
53	200
48883	480
57978	75
48883	480
53	91
53	91
47132	82
48883	480
53	112
53	112
48883	480
48883	480
48883	480
48883	480
48883	480
48883	480
48883	480
48883	480
48883	480
48883	480
48883	480
48883	480
48883	480
48883	480
48883	480
48883	480
48883	480
48883	480
48883	480
48883	480
48883	479
48883	480
48883	480
48883	480
48883	480
48883	480
48883	480
48883	480
48883	480
48883	480
48883	480
57714	84
48883	480
48883	480
48883	480
48883	480
57714	84
48883	480
48883	480
48883	480
48883	480
48883	480
48883	480
48883	480
48883	480
48883	480
48883	479
48883	480
48883	480
48883	480
20796	70
53	102
48883	480
48883	480
53	89
48883	480
48883	480
48883	480
48883	480
48883	480
48883	480
7906	74
56034	74
53	160
53	160
48883	480
48883	480
48883	480
48883	480
48883	480
48883	480
54641	84
48883	480
48883	480
546	148
48883	480
48883	480
54641	84
48883	480
48883	480
33805	80
53	113
48883	480
48883	479
48883	480
48883	480
48883	480
48883	480
8196	80
53	240
14438	77
53	149
48883	480
48883	480
48883	480
48883	480
48883	480
48883	480
48883	480
48883	480
34152	78
53	155
65403	74
53	177
48883	480
47722	80
53	153
48883	480
48883	480
48883	480
48883	480
55767	81
53	129
48883	480
48883	480
48883	480
48883	480
48883	480
48883	480
48883	479
48883	480
48883	480
48883	480
55279	84
48883	480
48883	480
48883	480
55279	84
48883	480
48883	480
48883	480
546	147
30600	96
53	128
48883	480
48883	480
48883	480
48883	480
48883	480
546	148
48883	480
48883	480
48883	480
1028	85
43318	78
25830	79
1414	74
53	156
53	151
45652	79
64694	84
53	153
53	163
60754	75
13355	79
53	91
53	153
5910	81
53	153
53	157
53	160
48883	480
48883	480
65302	72
53	183
48883	480
48883	480
48883	480
1507	76
53	147
48883	480
48883	480
48883	479
56347	89
53	105
48883	480
48883	480
60527	76
15177	80
34882	82
53	155
53	98
53	216
14567	81
21304	80
63249	76
53	157
53	155
53	118
59820	74
64451	79
48883	480
53	172
53	186
60777	74
48883	480
53	104
48883	480
48883	480
48883	480
48883	480
48883	480
48883	480
48883	480
48883	480
48883	480
48883	480
48883	480
48883	480
48883	480
12020	80
53	156
48883	480
48883	480
48883	480
48883	480
48883	480
546	147
48883	480
30962	74
53	154
48883	479
48883	480
48883	480
48883	480
546	148
48883	480
42612	75
53	161
2958	71
53	141
48883	480
48883	480
48883	480
48883	480
48883	480
546	156
48883	480
48883	480
48883	480
48883	480
48883	480
48883	480
16309	78
53	275
48883	480
48883	480
48883	480
48883	480
48883	480
48883	480
48883	480
20456	79
53	170
21781	77
53	244
48883	480
48883	480
48883	479
48883	480
48883	480
8365	77
18064	73
20323	67
53	83
53	162
53	105
36754	84
7990	69
50507	76
53	100
9545	81
53	101
53	92
53	191
48883	480
48883	480
48883	480
48883	480
48883	480
48883	480
48883	480
48883	480
9800	76
48883	480
48883	480
48883	480
48883	480
48883	480
48883	480
48883	480
26756	76
48883	480
53	108
53	108
48883	480
48883	480
48883	480
53922	72
8133	72
7097	93
53	88
16813	75
48883	480
53	88
38304	75
48883	480
48883	479
48883	480
48883	480
48883	480
48883	480
37817	93
13677	75
48883	480
53	172
12973	72
53	181
53	150
48883	480
53	181
53	150
48883	480
48883	480
48883	480
27506	80
53	195
61486	73
53	89
48883	480
48883	480
48883	480
25811	72
48883	480
53	156
48883	480
53	156
48883	480
48883	480
48883	480
546	147
58587	78
48883	480
53	264
48883	480
48883	480
5353	898
5353	196
48883	480
48883	480
48883	480
48883	480
48883	479
546	147
48883	480
48883	480
48883	480
48883	480
48883	480
48883	480
546	148
48883	480
48883	480
546	90
48883	480
48883	480
48883	480
48883	480
48883	480
48883	480
48883	480
48883	480
48883	480
48883	480
48883	480
48883	480
48883	480
48883	480
48883	480
48883	479
48883	480
48883	480
48883	480
48883	480
48883	480
48883	480
48883	480
48883	480
48883	480
48883	480
48883	480
48883	480
48883	480
48883	480
48883	480
48883	480
48883	480
48883	480
48883	480
48883	480
48883	480
48883	480
48883	480
48883	480
48883	479
48883	480
48883	480
48883	480
48883	480
48883	480
48883	480
48883	480
48883	480
48883	480
48883	480
48883	480
48883	480
48883	480
48883	480
48883	480
48883	480
48883	480
48883	480
48883	480
48883	480
48883	480
48883	480
48883	480
48883	479
48883	480
48883	480
48883	480
48883	480
48883	480
48883	480
32974	75
53	139
48883	480
48883	480
546	151
48883	480
48883	480
48883	480
48883	480
48883	480
48883	480
48883	480
48883	480
48883	480
48883	480
48883	480
48883	480
48883	480
48883	480
48883	480
48883	480
48883	479
48883	480
48883	480
48883	480
48883	480
48883	480
48883	480
48883	480
48883	480
48883	480
48883	480
48883	480
48883	480
5353	443
5353	134
5353	134
5353	134
5353	134
5353	160
5353	134
5353	199
5353	134
5353	134
5353	247
5353	134
5353	134
5353	134
5353	134
5353	160
5353	160
5353	160
5353	134
5353	160
5353	160
5353	173
5353	160
5353	134
5353	134
5353	160
5353	134
5353	160
5353	186
5353	160
5353	160
5353	134
5353	160
5353	134
5353	183
5353	134
5353	134
5353	134
5353	160
5353	160
5353	134
5353	160
5353	134
5353	199
5353	160
5353	134
5353	134
5353	160
5353	134
5353	183
5353	134
5353	134
5353	160
5353	180
5353	160
5353	160
5353	134
5353	160
48883	480
5353	160
48883	480
48883	480
48883	480
48883	480
48883	480
48883	480
48883	480
48883	480
48883	480
48883	480
48883	479
48883	480
48883	480
48883	480
48883	480
48883	480
48883	480
48883	480
48883	480
48883	480
48883	480
48883	480
48883	480
48883	480
48883	480
48883	480
48883	480
48883	480
48883	480
48883	480
48883	480
48883	480
48883	480
48883	480
48883	480
48883	479
48883	480
48883	480
48883	480
48883	480
48883	480
48883	480
546	147
48883	480
48883	480
48883	480
48883	480
48883	480
48883	480
546	148
48883	480
48883	480
48883	480
48883	480
48883	480
48883	480
48883	480
48883	480
48883	480
48883	480
48883	480
48883	479
48883	480
48883	480
5353	99
48883	480
48883	480
48883	480
48883	480
5353	519
48883	480
48883	480
48883	480
48883	480
48883	480
48883	480
48883	480
48883	480
48883	480
48883	480
48883	480
48883	480
48883	480
546	148
48883	480
48883	480
48883	480
48883	480
48883	480
546	153
48883	479
48883	480
48883	480
48883	480
48883	480
48883	480
48883	480
48883	480
48883	480
48883	480
48883	480
48883	480
48883	480
48883	480
48883	480
48883	480
48883	480
48883	480
48883	480
48883	480
48883	480
48883	480
48883	480
48883	480
48883	479
48883	480
48883	480
48883	480
48883	480
48883	480
48883	480
48883	480
55701	84
48883	480
48883	480
48883	480
55701	84
48883	480
48883	480
48883	480
48883	480
48883	480
48883	480
48883	480
48883	480
60483	84
48883	480
48883	480
48883	480
48883	480
60483	84
48883	480
48883	480
48883	479
48883	480
48883	480
48883	480
48883	480
48883	480
48883	480
48883	480
48883	480
48883	480
48883	480
48883	480
48883	480
48883	480
48883	480
48883	480
48883	480
48883	480
48883	480
48883	480
48883	480
48883	480
48883	480
48883	480
48883	479
48883	480
48883	480
3462	73
53	89
48883	480
48883	480
48883	480
48883	480
48883	480
48883	480
48883	480
48883	480
48883	480
48883	480
48883	480
1900	505
48883	480
1900	514
1900	561
1900	569
48883	480
48883	480
6525	73
53	89
48883	480
48883	480
48883	480
48883	480
48883	480
48883	480
48883	480
48883	480
48883	479
48883	480
48883	480
48883	480
48883	480
48883	480
48883	480
48883	480
48883	480
48883	480
48883	480
48883	480
48883	480
48883	480
48883	480
48883	480
48883	480
48883	480
48883	480
48883	480
48883	480
48883	480
48883	480
48883	480
48883	479
48883	480
48883	480
48883	480
48883	480
48883	480
48883	480
48883	480
50012	84
48883	480
48883	480
48883	480
50012	84
48883	480
48883	480
48883	480
48883	480
48883	480
48883	480
48883	480
48883	480
48883	480
48883	480
48883	480
48883	480
48883	480
48883	480
48883	479
48883	480
48883	480
48883	480
48883	480
48883	480
48883	480
48883	480
48883	480
48883	480
48883	480
48883	480
48883	480
48883	480
48883	480
48883	480
48883	480
48883	480
48883	480
48883	480
48883	480
48883	480
48883	480
48883	480
48883	479
48883	480
48883	480
48883	480
48883	480
48883	480
48883	480
48883	480
48883	480
48883	480
48883	480
48883	480
48883	480
48883	480
48883	480
48883	480
48883	480
48883	480
48883	480
48883	480
48883	480
48883	480
48883	480
48883	480
48883	480
48883	479
48883	480
48883	480
48883	480
48883	480
48883	480
1900	505
48883	480
1900	561
1900	514
1900	569
48883	480
48883	480
48883	480
48883	480
48883	480
48883	480
48883	480
48883	480
48883	480
48883	480
48883	480
48883	480
48883	480
48883	480
48883	480
48883	480
48883	480
48883	479
48883	480
48883	480
48883	480
48883	480
48883	480
48883	480
48883	480
64289	84
48883	480
48883	480
48883	480
48883	480
5353	548
64289	84
48883	480
48883	480
48883	480
48883	480
48883	480
48883	480
48883	480
48883	480
48883	480
48883	480
48883	480
48883	480
48883	480
48883	479
48883	480
48883	480
48883	480
48883	480
48883	480
48883	480
48883	480
48883	480
48883	480
48883	480
48883	480
48883	480
48883	480
48883	480
48883	480
48883	480
48883	480
48883	480
546	148
546	147
48883	480
48883	480
48883	480
48883	480
48883	480
48883	479
546	148
48883	480
48883	480
48883	480
48883	480
48883	480
48883	480
48883	480
48883	480
48883	480
48883	480
48883	480
48883	480
48883	480
48883	480
48883	480
48883	480
48883	480
48883	480
48883	480
48883	480
48883	480
48883	480
48883	480
48883	480
48883	479
48883	480
48883	480
48883	480
48883	480
48883	480
48883	480
48883	480
48883	480
48883	480
48883	480
48883	480
48883	480
48883	480
48883	480
48883	480
48883	480
48883	480
48883	480
48883	480
48883	480
48883	480
48883	480
1900	505
48883	480
1900	561
1900	514
1900	569
48883	479
48883	480
48883	480
48883	480
48883	480
48883	480
48883	480
48883	480
61086	84
48883	480
48883	480
48883	480
48883	480
61086	84
48883	480
48883	480
48883	480
48883	480
48883	480
48883	480
48883	480
48883	480
48883	480
48883	480
48883	480
48883	480
48883	480
48883	479
48883	480
48883	480
48883	480
48883	480
48883	480
546	90
48883	480
48883	480
48883	480
48883	480
546	156
48883	480
48883	480
48883	480
48883	480
48883	480
48883	480
48883	480
48883	480
48883	480
48883	480
48883	480
48883	480
48883	480
48883	480
48883	479
48883	480
48883	480
48883	480
48883	480
48883	480
48883	480
48883	480
48883	480
48883	480
48883	480
48883	480
48883	480
48883	480
48883	480
48883	480
48883	480
48883	480
48883	480
48883	480
48883	480
48883	480
48883	480
48883	480
48883	480
48883	479
48883	480
48883	480
48883	480
48883	480
48883	480
48883	480
29361	79
53	239
48883	480
48883	480
48883	480
48883	480
48883	480
48883	480
48883	480
48883	480
48883	480
48883	480
48883	480
48883	480
48883	480
48883	480
48883	480
48883	480
48883	480
48883	479
48883	480
48883	480
48883	480
48883	480
48883	480
48883	480
48883	480
48883	480
54051	84
48883	480
48883	480
48883	480
546	138
48883	480
54051	84
48883	480
48883	480
48883	480
51062	74
7934	76
61162	84
53	90
53	208
48883	480
48883	480
48883	480
48883	480
48883	480
48883	480
48883	480
14880	84
48883	480
53	233
48883	480
48883	479
5353	548
48883	480
60861	89
48883	480
53	166
48883	480
48883	480
48883	480
60861	89
12039	75
53	251
48883	480
48883	480
48883	480
48883	480
48883	480
48883	480
48883	480
48883	480
48883	480
48883	480
48883	480
48883	480
48883	480
48883	480
48883	480
48883	480
546	146
48883	480
48883	480
48883	479
48883	480
48883	480
48883	480
48883	480
48883	480
48883	480
48883	480
48883	480
48883	480
48883	480
48883	480
48883	480
48883	480
48883	480
48883	480
48883	480
48883	480
48883	480
48883	480
48883	480
48883	480
48883	480
57175	84
48883	480
48883	480
48883	479
48883	480
48883	480
57175	84
48883	480
48883	480
48883	480
48883	480
48883	480
48883	480
48883	480
48883	480
48883	480
48883	480
59962	84
51336	84
48883	480
48883	480
48883	480
48883	480
48883	480
48883	480
48883	480
48883	480
48883	480
48883	480
48883	480
48883	479
48883	480
48883	480
48883	480
48883	480
51336	84
59962	84
48883	480
48883	480
48883	480
48883	480
51490	84
48883	480
48883	480
48883	480
48883	480
51490	84
48883	480
48883	480
48883	480
48883	480
48883	480
48883	480
48883	480
48883	480
48883	480
48883	480
48883	480
48883	480
48883	479
64432	89
48883	480
48883	480
48883	480
48883	480
64432	89
48883	480
48883	480
48883	480
48883	480
48883	480
48883	480
48883	480
48883	480
48883	480
48883	480
48883	480
48883	480
48883	480
48883	480
48883	480
48883	480
48883	480
48883	480
48883	480
546	142
48883	479
22915	82
42970	85
53	184
48883	480
53	187
59263	90
39114	86
43761	80
52499	76
29312	82
35981	85
53	188
53	189
53	205
53	247
48883	480
53	184
53	147
48883	480
48883	480
48883	480
48883	480
48883	480
55818	83
53	185
48883	480
48883	480
48883	480
48883	480
48883	480
48883	480
48883	480
48883	480
48883	480
48883	480
48883	480
48883	480
48883	480
48883	480
48883	480
48883	480
48883	480
48883	479
52164	76
53	92
2161	93
48883	480
53	109
48883	480
48883	480
48883	480
10742	89
25293	86
52512	86
53	105
63093	80
53	284
36145	85
53	257
2604	81
48883	480
53	97
13911	78
53	94
53127	88
3270	74
53	236
39104	70
53	86
15607	85
53	144
31775	83
53	99
46840	71
53	140
12194	91
53	121
15862	77
53	93
16467	72
53	110
56151	94
48883	480
53	110
57387	83
53	132
53	138
26034	78
53	168
53	164
48883	480
53	173
48883	480
48883	480
48883	480
44681	75
53	165
48883	480
48883	480
48883	480
48883	480
23049	71
48883	480
48883	480
53	138
2828	71
48883	480
48883	480
53	219
48883	480
48883	480
25486	72
53	168
48883	480
48883	480
12469	81
27766	78
53	126
53	97
62683	88
21869	77
34968	88
48883	480
53	316
53	190
48883	479
53	162
48883	480
48883	480
48883	480
48883	480
48883	480
48883	480
48883	480
48883	480
48883	480
49277	84
48883	480
48883	480
58532	181
58532	179
48883	480
48883	480
49277	84
45920	80
53	96
48883	480
48883	480
48883	480
48883	480
32700	73
53	117
48883	480
32850	71
49862	82
48883	480
29309	83
53	135
53	184
53	99
23127	75
53	129
48883	480
48883	480
48883	480
48883	480
48883	480
48883	479
48883	480
48883	480
48883	480
48883	480
48883	480
48883	480
48883	480
48883	480
546	145
48883	480
48883	480
48883	480
48883	480
48883	480
48883	480
48883	480
23710	86
48883	480
48883	480
22508	75
53	197
48883	480
53	318
48883	480
48883	480
48883	480
48883	480
2961	72
24427	75
16318	76
48883	480
53	260
50068	88
51210	88
52025	88
48883	479
61909	88
53	136
48883	480
53	179
48883	480
48883	480
62550	91
61092	80
53	127
48883	480
53	128
48883	480
42684	76
53	161
48883	480
48883	480
16967	81
53	97
48883	480
48883	480
48883	480
48883	480
48883	480
48883	480
3122	84
53	170
48883	480
48883	480
43811	81
53	97
48883	480
48883	480
48883	480
48883	480
48883	480
48883	480
48883	480
9434	69
53	123
546	145
48883	480
48883	480
48883	479
48883	480
48883	480
17207	78
13319	73
61326	75
53	174
53	94
53	174
48883	480
27452	73
48883	480
53	172
48883	480
15494	74
53	173
48883	480
48883	480
48883	480
48883	480
48883	480
48883	480
20745	73
48883	480
53	89
48883	480
48883	480
48883	480
48883	480
7527	81
53	134
48883	480
48883	480
48883	480
48883	480
48883	480
48883	480
39023	87
53	164
48883	480
48883	479
48883	480
48883	480
51084	74
53	90
48883	480
48883	480
48883	480
546	150
48883	480
37424	81
53	290
48883	480
48883	480
48883	480
63958	84
48883	480
47666	69
56617	76
42173	74
53	85
53	175
34020	78
10906	71
53	94
2026	76
53	173
34475	78
53	175
17107	73
53	94
32595	79
53	170
53	89
48883	480
53	95
48883	480
48883	480
63958	84
37398	73
53	172
48883	480
48883	480
17401	75
53	285
48883	480
48883	480
48883	480
48883	480
48883	480
48883	480
48883	480
48883	480
48883	480
48883	479
48883	480
48883	480
48883	480
58532	179
58532	181
48883	480
48883	480
48883	480
48883	480
48883	480
35281	75
48883	480
53	105
48883	480
48883	480
48883	480
48883	480
48883	480
48883	480
48883	480
48883	480
48883	480
48883	480
48883	480
48883	480
48883	480
48883	480
48883	479
48883	480
546	145
48883	480
48883	480
48883	480
48883	480
48883	480
57250	84
48883	480
48883	480
48883	480
48883	480
57250	84
48883	480
48883	480
48883	480
48883	480
48883	480
48883	480
48883	480
48883	480
48883	480
48883	480
48883	480
48883	480
48883	480
48883	480
48883	479
48883	480
48883	480
48883	480
48883	480
48883	480
48883	480
48883	480
48883	480
48883	480
48883	480
48883	480
48883	480
48883	480
48883	480
48883	480
48883	480
48883	480
48883	480
48883	480
48883	480
48883	480
48883	480
48883	480
48883	479
48883	480
48883	480
48883	480
48883	480
48883	480
48883	480
48883	480
48883	480
48883	480
62409	84
48883	480
48883	480
48883	480
48883	480
62409	84
48883	480
48883	480
48883	480
48883	480
48883	480
48883	480
48883	480
48883	480
48883	480
5353	121
48883	480
48883	480
48883	479
48883	480
48883	480
48883	480
48883	480
48883	480
48883	480
48883	480
48883	480
48883	480
48883	480
48883	480
48883	480
48883	480
48883	480
48883	480
48883	480
48883	480
48883	480
48883	480
48883	480
58532	181
58532	179
48883	480
48883	480
48883	480
48883	479
48883	480
48883	480
48883	480
48883	480
48883	480
48883	480
48883	480
48883	480
48883	480
48883	480
48883	480
48883	480
48883	480
48883	480
48883	480
48883	480
48883	480
48883	480
546	147
48883	480
48883	480
48883	480
48883	480
48883	480
48883	480
546	148
48883	479
48883	480
48883	480
48883	480
48883	480
48883	480
48883	480
48883	480
48883	480
48883	480
48883	480
48883	480
48883	480
48883	480
48883	480
48883	480
48883	480
48883	480
48883	480
48883	480
48883	480
48883	480
48883	480
48883	480
48883	479
48883	480
48883	480
48883	480
48883	480
48883	480
48883	480
48883	480
48883	480
546	145
48883	480
61761	84
48883	480
48883	480
48883	480
48883	480
61761	84
48883	480
48883	480
48883	480
48883	480
48883	480
48883	480
48883	480
48883	480
48883	480
48883	480
48883	480
48883	479
48883	480
48883	480
48883	480
48883	480
48883	480
48883	480
48883	480
48883	480
48883	480
48883	480
48883	480
48883	480
48883	480
51574	84
57870	84
48883	480
61773	84
62807	84
48883	480
48883	480
48883	480
48883	480
48883	480
48883	480
48883	480
48883	480
48883	480
48883	479
48883	480
48883	480
48883	480
48883	480
48883	480
51574	84
57870	84
48883	480
61773	84
62807	84
48883	480
48883	480
48883	480
48883	480
48883	480
48883	480
48883	480
48883	480
48883	480
48883	480
48883	480
48883	480
48883	480
48883	480
48883	480
48883	480
48883	480
48883	480
48883	479
48883	480
48883	480
48883	480
48883	480
48883	480
48883	480
48883	480
48883	480
48883	480
48883	480
48883	480
48883	480
48883	480
48883	480
48883	480
48883	480
48883	480
48883	480
48883	480
48883	480
48883	480
48883	480
48883	480
48883	479
48883	480
48883	480
48883	480
48883	480
48883	480
48883	480
48883	480
48883	480
48883	480
48883	480
63026	84
48883	480
48883	480
48883	480
63026	84
48883	480
48883	480
48883	480
5353	388
48883	480
5353	228
48883	480
48883	480
48883	480
48883	480
48883	480
48883	480
48883	480
48883	479
48883	480
5353	388
48883	480
48883	480
48883	480
48883	480
48883	480
48883	480
48883	480
48883	480
48883	480
5353	388
48883	480
48883	480
48883	480
48883	480
48883	480
48883	480
48883	480
48883	480
5353	364
48883	480
48883	480
48883	480
48883	480
48883	480
48883	479
48883	480
48883	480
48883	480
48883	480
48883	480
48883	480
48883	480
48883	480
48883	480
48883	480
48883	480
5353	228
48883	480
48883	480
48883	480
48883	480
48883	480
48883	480
48883	480
48883	480
48883	480
48883	480
48883	480
48883	480
48883	480
48883	479
48883	480
48883	480
48883	480
48883	480
48883	480
48883	480
48883	480
48883	480
48883	480
48883	480
48883	480
48883	480
5353	364
48883	480
48883	480
48883	480
48883	480
48883	480
48883	480
48883	480
48883	480
48883	480
48883	480
5353	152
48883	480
48883	479
48883	480
48883	480
5353	210
48883	480
48883	480
48883	480
48883	480
48883	480
48883	480
48883	480
48883	480
50804	84
48883	480
33864	74
53	170
48883	480
48883	480
50804	84
48883	480
48883	480
48883	480
48883	480
48883	480
48883	480
48883	480
48883	480
48883	480
48883	480
63246	93
48883	480
48883	479
48883	480
48883	480
63246	93
48883	480
48883	480
48883	480
48883	480
48883	480
48883	480
48883	480
48883	480
48883	480
48883	480
48883	480
48883	480
48883	480
48883	480
48883	480
48883	480
48883	480
5353	332
48883	480
48883	480
48883	480
48883	480
48883	479
48883	480
48883	480
48883	480
48883	480
48883	480
48883	480
48883	480
48883	480
48883	480
48883	480
48883	480
48883	480
48883	480
48883	480
48883	480
48883	480
48883	480
48883	480
48883	480
48883	480
48883	480
5353	364
48883	480
48883	480
48883	480
48883	479
48883	480
48883	480
48883	480
48883	480
48883	480
48883	480
38395	73
53	89
48883	480
48883	480
48883	480
48883	480
48883	480
5035	79
44080	84
53	134
53	279
48883	480
48883	480
48883	480
48883	480
48883	480
48883	480
48883	480
48883	480
48883	480
48883	480
48883	480
48883	480
48883	479
48883	480
48883	480
61793	84
48883	480
48883	480
48883	480
48883	480
61793	84
48883	480
48883	480
48883	480
48883	480
50813	84
48883	480
48883	480
48883	480
57247	84
48883	480
50813	84
48883	480
48883	480
57247	84
48883	480
48883	480
48883	480
48883	480
546	145
51337	79
52153	79
53	120
53	279
48883	480
48883	480
48883	480
62327	93
48883	480
48883	479
48883	480
62327	93
48883	480
48883	480
48883	480
48883	480
546	151
48883	480
45729	90
53	167
48883	480
63482	80
53	284
48883	480
48883	480
48883	480
48883	480
61524	78
53	128
48883	480
48883	480
48883	480
6904	76
53	121
48883	480
48883	480
48883	480
48883	480
48883	480
48883	480
48883	480
48883	480
48883	480
48883	479
48883	480
48883	480
48883	480
48883	480
48883	480
48883	480
48883	480
48883	480
48883	480
48883	480
48883	480
48883	480
546	138
48883	480
48883	480
48883	480
48883	480
48883	480
48883	480
48883	480
48883	480
546	151
48883	480
48883	480
48883	480
48883	480
48883	479
48883	480
48883	480
46540	74
53	170
48883	480
48883	480
48883	480
48883	480
48883	480
48883	480
48883	480
48883	480
48883	480
48883	480
48883	480
48883	480
48883	480
48883	480
48883	480
48883	480
48883	480
48883	480
48883	480
48883	480
48883	480
48883	479
48883	480
48883	480
48883	480
48883	480
48883	480
9003	84
53	144
48883	480
48883	480
48883	480
48883	480
48883	480
56109	84
48883	480
48883	480
48883	480
48883	480
56109	84
2857	76
53	252
48883	480
48883	480
48883	480
48883	480
48883	480
48883	480
48883	480
48883	480
45413	75
53	251
57671	93
48883	480
48883	480
48883	479
48883	480
57671	93
48883	480
48883	480
48883	480
48883	480
6844	84
53	304
48883	480
48883	480
48883	480
48883	480
48883	480
48883	480
48883	480
9064	69
48883	480
48883	480
42936	74
48883	480
53	85
48883	480
48883	480
48883	480
48883	480
48883	480
53	90
48883	480
48883	480
48883	480
546	151
48883	479
48883	480
48883	480
48883	480
48883	480
48883	480
48883	480
48883	480
48883	480
48883	480
48883	480
48883	480
8281	78
48883	480
48883	480
48883	480
48883	480
48883	480
48883	480
53	138
48883	480
48883	480
48883	480
48883	480
48883	480
48883	480
48883	480
48883	479
48883	480
48883	480
48883	480
48883	480
48883	480
48883	480
48883	480
48883	480
48883	480
48883	480
48883	480
48883	480
48883	480
48883	480
48883	480
48883	480
48883	480
48883	480
48883	480
48883	480
48883	480
48883	480
48883	480
48883	479
48883	480
8468	77
45016	77
44501	84
53	127
53	134
53	127
48883	480
48582	77
53	127
45561	67
51810	84
51330	77
53	134
52586	74
53	127
45090	67
48883	480
53	149
48883	480
48883	480
48883	480
48883	480
53	142
53	142
48883	480
48883	480
48883	480
52805	84
48883	480
52805	84
25342	75
53	285
62225	93
62225	93
48701	75
53	134
49205	208
19567	71
53	279
39276	79
53	279
27576	75
53	272
14340	81
53	166
546	148
19704	75
53	139
546	151
50625	70
54944	72
16807	76
53	88
53	92
42492	72
52615	80
53	112
53	117
21325	75
53	130
58047	84
53	86
58047	84
61846	87
53	160
62036	84
53	170
6028	74
53	90
45507	70
53	86
5353	548
33455	70
53	86
40681	79
53	276
49205	208
10696	78
53	130
57619	75
53	139
546	156
8282	79
56947	75
33768	71
53	95
17622	76
53	135
53	251
31773	83
59053	79
53	116
53	95
53	99
59308	83
53	169
53878	78
53	94
5501	72
53	88
51193	84
51193	84
56140	72
53	180
31747	80
53	182
60398	74
53	163
49205	208
51510	84
51510	84
31182	97
53	174
546	157
9108	81
50169	70
53	169
53	97
51509	84
58822	77
51509	84
53	236
20171	77
53	129
27076	80
53	176
546	157
546	90
29742	77
41881	79
53	95
53	93
32560	73
53	89
10586	72
10885	74
54316	84
53	88
54316	84
546	157
546	151
53	104
34449	80
12983	77
49515	85
53	130
53	162
53	141
13766	79
53	279
546	145
35079	75
53	139
36616	73
36638	71
61806	83
53	254
47643	68
53	84
39617	84
53	99
53	174
21437	73
40650	90
59162	84
53	181
5881	74
53	137
61499	90
53	128
3040	78
59162	84
53	106
32374	77
53	162
43782	79
53	128
41338	78
53	275
11585	78
53	120
56467	84
60136	81
57143	84
53	95
39054	73
53	150
3193	73
53	203
55328	84
53	89
32155	72
53	100
26644	72
53	226
39245	75
53	238
5993	75
1785	82
53	195
57143	84
56467	84
49702	84
53	186
53	147
52277	75
53	183
59987	73
53	183
37513	76
53	183
53	235
14632	96
53	145
53	184
546	157
12761	75
53	270
12398	83
53	135
3073	84
53	161
46547	87
53	164
29325	77
53	110
64360	73
11649	89
53	284
53	177
23454	75
53	171
5789	125
53	141
546	153
49948	77
53	127
24781	78
53	131
39979	77
53	127
59675	67
53	142
5353	107
5353	486
5353	423
5353	1034
5353	621
5353	467
5353	283
5353	516
546	153
51373	83
53	278
64324	81
53	284
5353	548
546	147
6236	83
53	227
546	148
63409	77
53	281
42707	96
53	145
546	153
12978	84
64224	89
53	158
53	121
5353	548
31521	83
53	99
5353	121
546	148
7382	85
53	173
46723	71
53	276
61923	85
53	176
546	148
62618	88
13559	74
53	154
53	104
546	157
546	152
29095	79
53	129
546	153
18631	87
53	103
546	152
546	148
5353	548
48494	85
64449	85
13139	85
54066	85
53	160
53	160
53	160
53	162
57526	85
53	160
40344	85
53	162
53638	90
53	135
58652	85
53	162
546	152
546	154
546	151
546	154
57952	132
47875	132
53	148
53	148
53	394
546	148
546	116
546	154
15891	91
53	137
