52.000000000
52.169007000
52.169200000
52.362624000
52.362647000
52.362863000
52.362876000
52.363107000
52.363117000
52.531765000
52.531783000
52.532008000
52.532023000
52.532219000
52.532233000
52.532430000
52.532449000
52.532672000
52.532792000
52.532918000
52.532929000
52.533118000
52.700884000
52.701163000
52.701187000
52.701385000
52.701400000
52.701580000
52.701698000
52.701835000
52.701848000
52.702069000
52.702087000
52.702282000
52.702291000
52.702521000
52.702642000
52.702769000
52.702779000
52.870317000
52.870334000
52.870519000
52.870530000
52.870799000
52.870821000
52.882300000
52.882317000
52.882533000
52.882545000
52.882797000
52.882821000
52.882972000
52.882984000
52.883220000
52.883239000
52.883486000
52.883504000
52.883671000
52.883683000
52.883888000
52.884015000
52.884134000
53.039388000
53.039942000
53.040159000
53.040393000
53.040422000
53.040597000
53.051580000
53.052084000
53.052292000
53.052630000
53.052742000
53.053069000
53.053313000
53.053462000
53.064157000
53.064489000
53.064578000
53.064917000
53.208499000
53.220594000
53.220852000
53.221089000
53.221201000
53.221539000
53.221780000
53.222030000
53.222377000
53.222498000
53.222624000
53.222636000
53.222736000
53.222881000
53.223012000
53.223134000
53.223249000
53.223381000
53.223703000
53.223954000
53.377673000
53.388775000
53.388941000
53.389144000
53.389469000
53.389707000
53.389959000
53.390196000
53.391332000
53.391466000
53.391631000
53.391872000
53.392121000
53.392413000
53.392664000
53.392902000
53.393153000
53.393393000
53.393541000
53.393801000
53.394054000
53.394182000
53.403719000
53.403973000
53.404083000
53.546793000
53.559417000
53.559528000
53.559823000
53.560060000
53.560195000
53.560529000
53.560751000
53.560884000
53.561207000
53.561449000
53.562152000
53.562391000
53.562532000
53.562773000
53.562986000
53.563225000
53.563453000
53.573207000
53.573461000
53.573578000
53.573896000
53.574151000
53.574278000
53.574495000
53.574850000
53.574942000
53.575283000
53.715887000
53.728711000
53.730338000
53.730552000
53.730681000
53.730946000
53.731181000
53.731321000
53.731643000
53.731880000
53.732006000
53.740886000
53.741124000
53.741238000
53.741571000
53.741813000
53.741941000
53.742256000
53.742398000
53.742641000
53.742936000
53.743190000
53.744365000
53.744572000
53.744930000
53.745049000
53.745382000
53.745620000
53.745759000
53.746044000
53.746301000
53.785456000
53.885019000
53.897797000
53.901119000
53.901156000
53.901394000
53.901635000
53.901768000
53.902082000
53.902224000
53.902469000
53.902760000
53.903012000
53.903139000
53.910179000
53.910423000
53.912182000
53.912305000
53.912432000
53.912549000
53.912679000
53.912799000
53.912809000
53.912996000
53.913128000
53.913250000
53.913368000
53.913487000
53.913507000
53.931374000
53.931502000
53.931633000
53.931647000
53.931859000
53.931871000
53.932080000
53.932092000
53.932315000
53.932438000
53.932565000
53.932575000
53.932761000
53.932882000
53.933015000
53.933137000
53.933252000
53.933268000
53.933463000
53.933474000
53.933702000
53.933824000
53.933956000
53.933967000
53.934153000
53.954560000
53.954574000
54.054141000
54.054161000
54.066870000
54.072143000
54.072488000
54.072518000
54.072746000
54.073006000
54.073132000
54.083251000
54.083592000
54.083698000
54.084023000
54.084279000
54.084394000
54.084727000
54.084964000
54.085100000
54.085392000
54.085650000
54.085771000
54.086099000
54.086339000
54.086476000
54.101210000
54.101456000
54.101699000
54.103090000
54.103332000
54.103474000
54.113946000
54.114191000
54.114325000
54.114645000
54.114885000
54.115023000
54.115229000
54.115592000
54.115701000
54.123648000
54.123880000
54.163470000
54.223363000
54.253140000
54.253524000
54.253549000
54.253887000
54.254128000
54.254154000
54.254345000
54.254705000
54.254801000
54.264284000
54.264631000
54.264770000
54.265079000
54.265216000
54.265475000
54.265771000
54.266008000
54.266138000
54.266464000
54.266699000
54.266828000
54.267148000
54.267402000
54.270288000
54.270536000
54.270785000
54.271032000
54.284739000
54.284966000
54.285075000
54.295477000
54.295713000
54.295820000
54.296145000
54.296286000
54.296526000
54.296831000
54.297076000
54.297205000
54.297530000
54.297773000
54.297892000
54.298222000
54.332689000
54.392618000
54.422408000
54.434373000
54.434500000
54.434775000
54.434911000
54.435150000
54.445962000
54.446207000
54.446322000
54.446643000
54.446896000
54.447029000
54.447326000
54.447582000
54.447706000
54.448030000
54.448268000
54.448407000
54.448718000
54.448969000
54.449107000
54.449314000
54.449671000
54.449762000
54.450101000
54.450338000
54.450463000
54.450789000
54.453972000
54.454083000
54.457341000
54.457614000
54.465091000
54.465340000
54.561864000
54.562055000
54.562273000
54.562586000
54.562731000
54.563038000
54.563266000
54.563420000
54.563715000
54.563967000
54.564103000
54.564415000
54.564680000
54.564866000
54.591578000
54.591816000
54.603567000
54.603787000
54.617431000
54.617454000
54.617698000
54.618024000
54.618159000
54.618475000
54.618724000
54.618858000
54.619071000
54.619424000
54.619536000
54.619849000
54.620103000
54.620227000
54.620548000
54.620800000
54.621040000
54.621281000
54.621533000
54.621661000
54.628690000
54.628946000
54.629182000
54.629388000
54.629742000
54.629861000
54.630169000
54.630420000
54.630541000
54.630868000
54.631114000
54.631251000
54.634351000
54.634580000
54.674484000
54.733937000
54.734268000
54.734431000
54.734624000
54.734843000
54.735092000
54.735221000
54.745248000
54.745494000
54.745615000
54.745944000
54.746184000
54.746313000
54.746613000
54.746889000
54.746981000
54.760786000
54.761039000
54.761281000
54.772773000
54.789327000
54.789449000
54.789624000
54.789639000
54.789851000
54.790105000
54.790121000
54.790398000
54.790651000
54.790782000
54.800622000
54.800871000
54.801001000
54.801211000
54.801567000
54.801680000
54.801904000
54.802150000
54.802397000
54.802694000
54.802933000
54.803062000
54.803382000
54.803637000
54.803764000
54.804094000
54.804331000
54.804572000
54.804823000
54.805062000
54.805200000
54.811356000
54.811589000
54.811708000
54.812032000
54.812273000
54.812426000
54.812637000
54.843585000
54.888494000
54.903134000
54.903345000
54.903605000
54.930417000
54.930656000
54.930770000
54.931018000
54.931267000
54.931502000
54.931809000
54.932061000
54.932193000
54.932398000
54.932759000
54.932853000
54.941292000
54.941643000
54.941802000
54.942087000
54.942229000
54.942589000
54.942828000
54.958638000
54.958887000
54.959136000
54.972136000
54.972156000
54.972386000
54.972406000
54.972615000
54.972627000
54.972851000
54.972863000
54.973064000
54.973075000
54.973280000
54.973554000
54.973572000
54.973863000
54.974099000
54.974228000
54.988413000
54.988742000
54.988882000
54.989201000
54.989451000
54.989560000
54.989897000
54.990137000
54.990264000
54.990586000
54.990839000
54.990955000
54.991291000
54.991527000
54.991651000
54.991955000
54.992207000
54.992342000
54.992668000
54.992905000
54.993034000
54.999296000
54.999531000
54.999778000
55.012652000
55.012801000
55.057633000
55.072250000
55.072589000
55.111136000
55.111382000
55.111702000
55.111840000
55.112165000
55.112399000
55.112534000
55.112842000
55.112986000
55.113227000
55.113525000
55.113777000
55.113904000
55.122542000
55.122788000
55.122905000
55.123125000
55.123367000
55.123611000
55.123907000
55.124160000
55.127718000
55.127968000
55.128215000
55.128456000
55.128705000
55.159228000
55.159262000
55.159472000
55.159492000
55.159688000
55.159806000
55.159940000
55.159952000
55.160137000
55.160256000
55.160389000
55.160630000
55.161040000
55.170385000
55.170604000
55.170754000
55.171057000
55.171297000
55.171435000
55.171750000
55.171992000
55.172126000
55.172450000
55.172689000
55.172825000
55.173142000
55.173372000
55.173507000
55.173822000
55.174061000
55.174314000
55.174557000
55.174804000
55.180699000
55.180948000
55.181195000
55.181212000
55.181535000
55.181768000
55.181902000
55.182213000
55.182466000
55.182706000
55.182948000
55.222475000
55.226910000
55.241358000
55.282466000
55.292505000
55.292656000
55.292954000
55.293194000
55.293318000
55.293548000
55.293893000
55.294011000
55.294318000
55.294560000
55.294703000
55.303554000
55.303734000
55.303935000
55.304154000
55.304498000
55.304633000
55.304836000
55.305194000
55.305315000
55.305626000
55.305870000
55.305998000
55.306228000
55.306570000
55.306693000
55.307031000
55.307260000
55.328445000
55.328736000
55.328936000
55.329180000
55.329421000
55.329664000
55.342917000
55.342946000
55.343106000
55.343222000
55.343366000
55.343382000
55.343475000
55.343681000
55.343694000
55.343904000
55.344055000
55.344077000
55.344177000
55.344357000
55.344473000
55.344716000
55.344854000
55.345167000
55.345417000
55.345547000
55.345869000
55.346110000
55.346259000
55.346560000
55.346704000
55.346937000
55.353533000
55.353852000
55.353970000
55.354309000
55.354551000
55.354678000
55.354901000
55.355242000
55.355377000
55.355593000
55.355945000
55.356063000
55.356379000
55.356620000
55.356745000
55.357064000
55.357322000
55.391693000
55.396041000
55.396254000
55.410551000
55.450462000
55.451717000
55.475015000
55.475242000
55.475359000
62.376891000
62.560457000
62.560475000
62.560673000
62.560796000
62.560974000
62.560995000
62.561148000
62.561279000
62.561292000
62.561513000
62.729596000
62.729619000
62.729828000
62.729844000
62.730101000
62.730116000
62.730422000
62.730692000
62.730922000
62.731191000
62.731407000
62.731675000
62.731919000
62.898834000
62.899153000
62.899414000
62.899652000
62.899890000
62.900140000
62.900379000
62.900634000
62.900883000
62.901120000
62.901363000
62.901614000
62.901855000
62.902109000
62.902345000
62.902601000
62.942486000
63.068025000
63.068381000
63.068637000
63.068871000
63.069121000
63.069358000
63.069605000
63.069849000
63.070096000
63.070340000
63.070586000
63.070835000
63.071078000
63.071327000
63.071479000
63.071821000
63.072072000
63.072322000
63.072561000
63.072804000
63.073045000
63.073292000
63.073540000
63.073781000
63.111683000
63.237259000
63.237495000
63.237823000
63.238053000
63.238321000
63.238548000
63.238814000
63.239039000
63.239205000
63.239551000
63.239788000
63.240021000
63.240278000
63.240423000
63.240668000
63.241015000
63.241166000
63.241400000
63.241752000
63.241900000
63.242138000
63.242382000
63.242736000
63.243004000
63.243236000
63.243481000
63.243721000
63.243880000
63.244217000
63.244459000
63.244714000
63.244957000
63.245204000
63.245445000
63.245695000
63.245940000
63.280825000
63.323464000
63.406399000
63.406618000
63.406940000
63.407192000
63.407444000
63.407684000
63.407924000
63.408170000
63.408418000
63.408660000
63.408906000
63.409151000
63.409398000
63.409643000
63.409895000
63.410134000
63.410382000
63.410625000
63.410900000
63.411141000
63.411382000
63.411614000
63.411884000
63.412131000
63.412378000
63.412615000
63.412871000
63.413112000
63.413328000
63.413495000
63.413740000
63.414086000
63.414231000
63.414589000
63.414840000
63.415083000
63.415320000
63.415565000
63.415816000
63.415838000
70.710047000
70.897110000
70.897127000
70.897345000
70.897357000
70.897569000
70.897581000
70.897800000
70.897814000
70.898039000
70.898163000
71.066240000
71.066258000
71.066491000
71.066507000
71.066687000
71.066805000
71.067056000
71.067302000
71.067543000
71.067798000
71.068041000
71.068278000
71.068527000
71.235436000
71.235686000
71.235901000
71.236149000
71.236392000
71.236752000
71.236993000
71.237244000
71.237486000
71.237736000
71.237973000
71.238224000
71.238462000
71.238709000
71.238954000
71.239207000
71.278483000
71.404552000
71.404811000
71.405123000
71.405373000
71.405617000
71.405775000
71.406103000
71.406354000
71.406598000
71.406848000
71.407001000
71.407361000
71.407609000
71.407849000
71.408089000
71.408342000
71.408569000
71.408829000
71.409083000
71.409331000
71.409573000
71.409816000
71.410063000
71.410306000
71.447634000
71.573714000
71.574044000
71.574210000
71.574529000
71.574789000
71.575020000
71.575276000
71.575511000
71.575767000
71.576005000
71.576258000
71.576495000
71.576750000
71.576986000
71.577264000
71.577480000
71.577751000
71.577972000
71.578239000
71.578471000
71.578729000
71.578982000
71.579200000
71.579357000
71.579710000
71.579957000
71.580091000
71.580448000
71.580695000
71.580940000
71.581193000
71.581436000
71.581687000
71.581925000
71.582176000
71.582414000
71.616847000
71.659458000
71.742935000
71.743264000
71.743486000
71.743732000
71.743876000
71.744225000
71.744469000
71.744723000
71.744960000
71.745220000
71.745459000
71.745698000
71.745951000
71.746188000
71.746443000
71.746682000
71.746926000
71.747180000
71.747416000
71.747667000
71.747913000
71.748162000
71.748401000
71.748654000
71.748894000
71.749142000
71.749380000
71.749638000
71.749873000
71.750125000
71.750371000
71.750627000
71.750853000
71.752811000
71.753053000
71.753189000
71.753513000
71.753750000
71.753872000
71.754174000
71.754430000
71.754557000
71.754872000
71.755118000
71.755255000
71.755578000
71.755815000
71.755949000
71.786070000
71.827479000
71.828592000
71.912124000
71.912367000
71.912688000
71.912831000
71.913077000
71.913427000
71.913662000
71.913918000
71.914173000
71.914415000
71.914658000
71.914907000
71.915147000
71.915398000
71.915641000
71.915888000
71.916131000
71.916377000
71.916623000
71.916873000
71.917119000
71.917361000
71.917601000
71.917849000
71.918096000
71.918345000
71.918594000
71.918840000
71.919082000
71.919326000
71.919573000
71.919717000
71.919963000
71.920761000
71.920899000
71.921113000
71.921353000
71.921491000
71.921849000
71.922098000
71.922336000
71.922464000
