546
7338
48883
42953
51848
64131
53
9438
53
53
31734
59540
53
23793
53
53
53
53
48883
48883
48883
48883
546
48883
48883
48883
48883
48883
48883
48883
48883
48883
48883
48883
48883
48883
48883
48883
48883
48883
48883
48883
48883
48883
48883
48883
48883
48883
48883
48883
546
48883
48883
48883
48883
48883
48883
48883
48883
48883
48883
48883
48883
48883
48883
48883
48883
48883
48883
48883
48883
48883
48883
48883
48883
48883
48883
48883
48883
48883
48883
48883
48883
48883
48883
48883
48883
48883
48883
48883
48883
48883
546
48883
48883
48883
546
48883
48883
48883
48883
48883
48883
546
48883
48883
5353
48883
48883
48883
48883
5353
48883
48883
48883
48883
48883
48883
48883
48883
48883
48883
48883
48883
48883
48883
48883
48883
48883
546
48883
48883
48883
48883
48883
48883
48883
48883
48883
546
48883
48883
48883
48883
48883
48883
546
48883
48883
48883
48883
48883
48883
48883
48883
48883
48883
48883
48883
48883
48883
48883
48883
48883
48883
48883
48883
48883
48883
48883
48883
48883
48883
546
48883
48883
48883
48883
48883
48883
48883
48883
48883
48883
48883
48883
48883
48883
48883
546
48883
48883
48883
48883
48883
52116
48883
48883
48883
48883
52116
48883
48883
48883
48883
48883
48883
48883
48883
48883
48883
48883
48883
48883
48883
48883
48883
48883
48883
48883
48883
48883
48883
48883
48883
48883
48883
48883
48883
48883
48883
48883
48883
48883
48883
48883
48883
48883
48883
48883
48883
48883
546
48883
48883
48883
48883
48883
48883
48883
48883
48883
48883
48883
48883
48883
48883
48883
48883
48883
48883
546
48883
48883
48883
48883
48883
48883
546
48883
48883
48883
48883
48883
48883
48883
48883
48883
48883
48883
48883
48883
48883
48883
48883
48883
48883
48883
48883
48883
48883
48883
48883
48883
48883
48883
48883
48883
48883
48883
48883
50565
48883
48883
48883
48883
50565
48883
48883
48883
48883
48883
48883
48883
48883
48883
48883
48883
48883
48883
48883
48883
48883
48883
48883
48883
48883
48883
48883
48883
48883
48883
48883
48883
48883
546
48883
48883
48883
48883
48883
546
48883
48883
546
48883
48883
48883
48883
48883
48883
48883
48883
48883
48883
48883
48883
48883
48883
48883
48883
48883
48883
48883
48883
48883
48883
52260
48883
48883
48883
48883
52260
48883
48883
48883
52637
48883
48883
48883
546
546
52637
48883
48883
48883
48883
48883
48883
48883
48883
48883
48883
48883
48883
48883
48883
48883
48883
48883
48883
48883
48883
48883
48883
48883
48883
48883
48883
48883
48883
48883
48883
64440
62903
48883
53
48883
48883
48883
62903
48883
48883
48883
48883
48883
52090
48883
53
48883
48883
48883
48883
48883
48883
48883
48883
48883
48883
48883
48883
48883
48883
23475
53
48883
48883
48883
48883
48883
48883
48883
48883
53519
4191
51452
53
53
38895
30422
53
40224
48883
53
37626
53
16128
48883
53
23310
53
52526
53
17729
53
35599
53
40338
48883
53
62230
53
46135
53
60718
53
10192
48883
53
21918
53
61558
48883
53
46390
48883
53
13104
53
25340
48883
53
12822
48883
48883
53
22916
53
27800
53
48883
48883
53
53
48883
48883
48883
48883
48883
48883
48883
48883
48883
48883
48883
48883
48883
48883
48883
61872
546
48883
48883
48883
48883
61872
546
48883
48883
48883
48883
48883
48883
48883
48883
48883
50907
48883
48883
48883
48883
50907
48883
48883
48883
48883
48883
48883
48883
48883
48883
48883
48883
48883
48883
48883
48883
48883
48883
48883
48883
48883
48883
48883
48883
48883
48883
48883
546
60071
48883
48883
48883
48883
60071
48883
48883
48883
48883
48883
48883
48883
48883
48883
48883
48883
48883
48883
48883
48883
48883
48883
48883
48883
48883
48883
48883
48883
48883
48883
48883
48883
48883
48883
48883
48883
48883
48883
48883
48883
48883
48883
48883
48883
48883
48883
48883
48883
48883
48883
48883
48883
48883
48883
48883
48883
48883
48883
48883
48883
48883
48883
48883
48883
48883
48883
48883
546
48883
48883
48883
48883
48883
48883
546
48883
48883
48883
48883
546
48883
48883
48883
48883
48883
48883
48883
48883
48883
48883
2006
53
48883
48883
48883
48883
48883
546
48883
48883
48883
48883
48883
48883
48883
48883
48883
48883
62866
48883
48883
48883
48883
62866
48883
48883
48883
48883
48883
48883
48883
48883
48883
48883
48883
48883
48883
48883
48883
48883
48883
48883
48883
48329
53
48883
48883
48883
63230
53
48883
48883
48883
48883
48883
48883
20107
5027
53
53
48883
48883
48883
48883
48883
48883
48883
48883
48883
48883
48883
48883
48883
48883
48883
48883
48883
48883
48883
48883
48883
48883
48883
48883
48883
48883
48883
48883
48883
48883
48883
48883
48883
48883
48883
48883
48883
48883
48883
48883
48883
48883
48883
48883
48883
48883
48883
59960
53
48883
48883
48883
58781
55082
25954
53
40488
53
54513
53
53025
53
30715
53
2009
46994
53
48883
53
11171
53
53
43598
51439
53
26155
53
63892
53
56088
53
59460
48883
49695
53
17310
53
62134
53
20876
48883
53
11047
53
7077
53
42980
53
56594
53
35178
53
37122
53
42806
48883
53
52385
53
61652
53
7414
53
5630
48883
53
48853
53
48103
48883
53
35028
49695
53
28593
53
25580
53
58492
53
6436
53
7701
53
35926
53
24446
53
19377
48883
53
10621
53
3720
53
22740
53
5315
53
48883
53
48883
48883
48883
53
48883
48883
48883
48883
48883
48883
48883
48883
48883
59150
48883
48883
48883
48883
59150
48883
48883
48883
48883
48883
48883
48883
63423
63423
546
48883
48883
48883
48883
48883
48883
25799
48883
48883
53
48883
48883
32876
53
48883
48883
38687
53
48883
48883
48883
546
48883
48883
48883
48883
48883
48883
48883
48883
48883
48883
48883
48883
48883
48883
48883
59814
48883
58433
53
48883
48883
53
48883
48883
48883
48883
48883
546
48883
48883
48883
48883
48883
48883
48883
48883
48883
48883
48883
48883
48883
48883
48883
48883
48883
48883
48883
48883
48883
48883
60033
48883
53
48883
48883
48883
48883
48883
48883
48883
48883
48883
48883
48883
48883
48883
48883
48883
48883
48883
48883
48883
48883
48883
48883
546
48883
48883
48883
48883
61153
48883
48883
48883
48883
48883
56437
53
48883
39573
53
48883
48883
48883
53243
48883
48883
20734
53
48883
48883
53243
48883
48883
48883
48883
48883
48883
48883
48883
48883
59791
53
26908
48883
53
48883
48883
40396
53
48883
48883
63423
63423
48883
546
48883
48883
48883
48883
48883
48883
48883
48883
48883
48883
46550
55860
53
53
48883
5353
48883
48883
5353
48883
48883
48883
48883
48883
48883
48883
48883
48883
48883
48883
48883
48883
48883
48883
48883
48883
48883
48883
48883
48883
48883
47943
53
48883
48883
48883
48883
48883
48883
48883
14166
22179
53
53
48883
48883
48883
48883
48883
34718
48883
53
546
48883
48883
5305
48883
53
48883
48883
48883
48883
48883
48883
48883
48883
11750
53
48883
47517
53
48883
48883
48883
48883
48883
48883
48883
48883
48883
48883
48883
48883
48883
48883
48883
48883
48831
53
48883
39961
59704
64784
53
58719
53
53
53
48883
48883
4120
48883
48883
48883
53
48883
57636
48883
48883
48883
48883
61153
57636
48883
29055
53
48883
60669
13266
61332
62743
53
53
48883
53
53
48883
48883
48883
48883
48883
48883
48883
48883
49165
53
48883
48883
22693
30901
53
48883
53
48883
48883
48883
48883
48883
48883
48883
48883
48883
48883
48883
48883
48883
63423
63423
48883
48883
48883
48883
48883
48883
48883
48883
48883
48883
60069
53
48883
30459
11981
22465
53
53
35223
61469
53
17091
53
61754
53
28816
53
31037
53
18424
53
48883
48883
20550
53
48883
48883
48883
53
48883
48883
37379
48883
53
48883
48883
48883
53
48883
48883
48883
48883
48883
24746
58025
53
53
48883
9920
53
48883
48883
23166
36265
48413
4884
53
53
48883
53
53
46595
53
48883
7490
64164
2230
53
54069
53
41070
48883
21044
48883
48883
48883
53
48883
5515
53
48883
546
48883
546
44901
50395
46003
50202
48883
48883
53
53
51016
48883
53
63878
48883
48883
48883
53
18527
48883
53
43312
53
48883
53
49904
48883
53
48883
48883
53
48883
48883
48883
48883
48883
48883
48883
48883
48883
48883
48883
48883
48883
48883
53
53
48883
48883
48883
48883
48883
48883
48883
48883
63985
53
48883
48883
48883
48883
51080
48883
48883
48883
48883
53
51080
48883
48883
48883
48883
48883
48883
48883
61153
48883
48883
48883
48883
29557
53
48883
546
6621
11695
46215
59229
48883
53
53
42926
53
53
48883
53
48883
48883
48883
48883
48883
48883
31539
53
13812
29281
51728
21852
4765
53
53
53
53
4899
6185
53
53
41490
48976
48883
53
55876
53
33077
53
53
47649
11001
53
53
53
12813
53
43319
53
30978
52760
24153
53
12394
48883
53
45108
53
62869
53
19038
53
53
48883
53
48883
48883
48883
44764
11259
54270
56320
38088
53
53
53
48883
53
48883
53
48883
48883
48883
48883
48883
48883
48883
48883
48883
48883
48883
48883
48883
48883
48883
48883
48883
48883
48883
546
48883
48883
24189
16390
53
53
48883
48883
48883
63806
28635
53
53
48883
48883
48883
48883
48883
48883
48883
48883
48883
48883
48883
48883
48883
48883
48883
48883
48883
48883
48883
48883
48883
48883
48883
2821
47759
48883
45292
53
53
48883
53
48883
48883
48883
48883
29390
53
48883
48883
48883
48883
48883
31482
53
48883
53458
53
48883
48883
48883
48883
19610
34053
48883
53
53
48883
7021
64147
26678
53
17113
53
11853
53
64282
53
48883
53
53
48883
48883
48883
48883
48883
53956
48883
48883
1952
48883
53
53956
48883
48883
8412
53
48883
29658
53
48883
48883
48883
48883
48883
19238
39783
48883
53
53
45391
53
48883
48883
43454
53
27129
53507
53
53
48883
48883
48883
58092
48883
22929
53
53
48883
48883
48883
48883
48883
48883
59546
48883
53
48883
48883
48883
48883
48883
48883
48883
48883
48883
48883
48883
48883
48883
48883
48883
48883
48883
48883
48883
48883
48883
48883
48883
546
48883
48883
48883
48883
48883
48883
48883
48883
546
48883
48883
48883
48883
48883
48883
546
48883
38932
53
48883
48883
48883
48883
48883
48883
48883
48883
51768
48883
53
48883
48883
8786
53
48883
48883
48883
48883
48883
48883
48883
48883
48883
48883
48883
48883
48883
48883
48883
48883
48883
48883
546
48883
48883
48883
48883
48883
48883
48883
48883
48883
48883
48883
48883
48883
48883
48883
48883
48883
48883
48883
48883
48883
48883
48883
48883
48883
63676
48883
48883
48883
48883
63676
48883
48883
48883
48883
48883
48883
48883
48883
48883
48883
48883
48883
48883
48883
48883
48883
48883
48883
48883
48883
48883
48883
48883
48883
48883
48883
48883
54505
48883
48883
48883
48883
54505
48883
48883
48883
48883
48883
48883
48883
48883
48883
48883
48883
48883
48883
48883
546
48883
48883
48883
48883
48883
48883
48883
48883
48883
48883
48883
48883
48883
48883
48883
48883
48883
48883
48883
48883
48883
48883
48883
48883
48883
48883
48883
48883
48883
48883
48883
48883
48883
48883
48883
48883
48883
48883
48883
48883
546
48883
48883
48883
48883
48883
48883
48883
48883
48883
56377
48883
48883
48883
56377
48883
48883
48883
48883
48883
48883
48883
48883
48883
48883
48883
48883
48883
48883
48883
48883
48883
48883
48883
48883
546
48883
48883
48883
48883
48883
48883
48883
48883
48883
546
48883
48883
48883
48883
48883
48883
48883
48883
48883
54335
48883
48883
48883
54335
48883
48883
48883
48883
48883
48883
48883
48883
48883
48883
48883
48883
48883
48883
48883
48883
48883
48883
48883
48883
48883
48883
48883
48883
48883
48883
48883
48883
48883
48883
48883
48883
48883
546
48883
48883
48883
48883
48883
48883
48883
48883
48883
48883
48883
48883
48883
48883
48883
49169
49169
48883
48883
48883
48883
48883
60225
48883
48883
48883
48883
60225
48883
48883
48883
48883
48883
48883
48883
48883
48883
48883
48883
48883
48883
48883
48883
48883
48883
48883
48883
48883
48883
48883
48883
48883
48883
48883
48883
48883
546
48883
48883
61530
48883
48883
48883
48883
48883
48883
48883
48883
48883
48883
48883
48883
48883
48883
48883
48883
61530
48883
48883
48883
546
48883
48883
48883
48883
48883
48883
48883
48883
48883
48883
48883
48883
48883
48883
48883
48883
48883
48883
48883
48883
48883
48883
48883
48883
48883
48883
48883
48883
48883
48883
48883
48883
48883
48883
48883
48883
48883
48883
546
48883
48883
48883
48883
48883
48883
48883
59601
48883
48883
48883
48883
59601
48883
48883
48883
48883
48883
48883
48883
48883
49169
49169
48883
48883
48883
48883
48883
48883
48883
48883
48883
48883
48883
48883
48883
48883
48883
546
48883
48883
48883
546
48883
48883
48883
48883
48883
48883
48883
48883
48883
48883
546
48883
48883
48883
48883
48883
48883
48883
48883
48883
48883
48883
48883
48883
48883
48883
48883
48883
48883
48883
48883
48883
546
48883
48883
48883
48883
48883
48883
48883
48883
546
48883
28754
53
48883
48883
48883
48883
48883
48883
48883
48883
546
48883
48883
48883
48883
48883
48883
48883
48883
48883
48883
48883
48883
48883
48883
48883
48883
48883
48883
48883
48883
48883
48883
48883
48883
48883
48883
48883
48883
48883
5353
48883
48883
48883
48883
48883
55421
55421
48883
48883
48883
546
48883
48883
48883
48883
48883
48883
48883
48883
48883
48883
48883
48883
49169
49169
48883
48883
48883
48883
48883
48883
48883
48883
48883
48883
48883
48883
48883
48883
48883
48883
48883
48883
48883
48883
48883
48883
48883
48883
48883
48883
48883
48883
48883
546
48883
48883
48883
48883
48883
48883
48883
48883
48883
48883
48883
48883
48883
48883
48883
48883
48883
48883
48883
48883
48883
48883
48883
48883
48883
48883
48883
48883
48883
48883
48883
48883
48883
48883
48883
48883
48883
48883
48883
48883
48883
48883
48883
48883
48883
48883
48883
48883
48883
48883
48883
48883
48883
48883
48883
48883
48883
48883
48883
48883
48883
48883
48883
48883
48883
48883
546
48883
48883
37163
53
48883
48883
48883
55421
55421
48883
48883
48883
48883
48883
48883
48883
48883
48883
48883
48883
48883
48883
20982
48883
48883
48883
53
48883
48883
48883
48883
48883
48883
48883
48883
48883
48883
48883
48883
48883
48883
48883
48883
48883
48883
48883
48883
48883
48883
48883
48883
48883
48883
48883
48883
48883
48883
48883
48883
18996
48883
48883
53
48883
48883
48883
48883
35546
27509
53
53
48883
48883
546
48883
48883
48883
48883
48883
48883
48883
48883
48883
57592
2196
53
25421
48883
53
48883
53
48883
48883
48883
48883
48883
48883
48883
48883
48883
48883
48883
48883
48883
48883
48883
546
48883
48883
5786
53
48883
24014
31153
30357
16421
53
61376
53
10966
53
61391
48883
53
38806
53
36644
48883
53
48883
53
40716
48883
52023
53
48883
48883
53
48883
48883
36483
48883
25595
53
53
53
48883
53
48883
48883
48883
8712
53
48883
48883
48883
48883
48883
48883
48883
48883
48883
48883
59003
53
48883
4198
53
48883
48883
48883
48883
4179
46846
12069
53
26551
53
41999
48883
37624
48883
55421
55421
48883
53
53
48883
48883
52505
53
48883
53
48883
57586
53
30907
48883
48883
53
48883
48883
53
48883
48883
48883
48883
48883
48883
48883
48883
48883
48883
48883
48883
48883
48883
48883
25441
53
48883
48883
546
48883
48883
48883
48883
48883
48883
48883
48883
48883
48883
48883
48883
48883
48883
48883
48883
48883
48883
48883
48883
48883
48883
48883
48883
48883
48883
48883
48883
48883
48883
48883
48883
48883
48883
48883
48883
48883
48883
48883
48883
48883
48883
48883
48883
48883
48883
48883
48883
48883
48883
48883
48883
48883
48883
48883
48883
48883
48883
48883
48883
48883
48883
48883
48883
48883
48883
48883
48883
48883
48883
48883
48883
48883
49527
48737
51297
24339
53
11831
53
48883
48883
48883
48883
48883
48883
53
7000
53
64693
53
21214
48883
53
57191
56301
53
53
6779
35423
53
65259
53
54298
53
16115
48883
53
3847
22295
48883
22295
48883
53
40219
53
57510
53
12132
53
10082
48883
53
21926
53
48883
48883
60493
53
48883
53
36119
25031
53
38892
53
5035
48883
53
53
30140
22914
53
10595
53
13034
48883
53
50312
53
49911
48883
48883
53
24176
48883
53
29326
48883
53
38949
53
48883
57978
48883
53
53
47132
48883
53
53
48883
48883
48883
48883
48883
48883
48883
48883
48883
48883
48883
48883
48883
48883
48883
48883
48883
48883
48883
48883
48883
48883
48883
48883
48883
48883
48883
48883
48883
48883
48883
57714
48883
48883
48883
48883
57714
48883
48883
48883
48883
48883
48883
48883
48883
48883
48883
48883
48883
48883
20796
53
48883
48883
53
48883
48883
48883
48883
48883
48883
7906
56034
53
53
48883
48883
48883
48883
48883
48883
54641
48883
48883
546
48883
48883
54641
48883
48883
33805
53
48883
48883
48883
48883
48883
48883
8196
53
14438
53
48883
48883
48883
48883
48883
48883
48883
48883
34152
53
65403
53
48883
47722
53
48883
48883
48883
48883
55767
53
48883
48883
48883
48883
48883
48883
48883
48883
48883
48883
55279
48883
48883
48883
55279
48883
48883
48883
546
30600
53
48883
48883
48883
48883
48883
546
48883
48883
48883
1028
43318
25830
1414
53
53
45652
64694
53
53
60754
13355
53
53
5910
53
53
53
48883
48883
65302
53
48883
48883
48883
1507
53
48883
48883
48883
56347
53
48883
48883
60527
15177
34882
53
53
53
14567
21304
63249
53
53
53
59820
64451
48883
53
53
60777
48883
53
48883
48883
48883
48883
48883
48883
48883
48883
48883
48883
48883
48883
48883
12020
53
48883
48883
48883
48883
48883
546
48883
30962
53
48883
48883
48883
48883
546
48883
42612
53
2958
53
48883
48883
48883
48883
48883
546
48883
48883
48883
48883
48883
48883
16309
53
48883
48883
48883
48883
48883
48883
48883
20456
53
21781
53
48883
48883
48883
48883
48883
8365
18064
20323
53
53
53
36754
7990
50507
53
9545
53
53
53
48883
48883
48883
48883
48883
48883
48883
48883
9800
48883
48883
48883
48883
48883
48883
48883
26756
48883
53
53
48883
48883
48883
53922
8133
7097
53
16813
48883
53
38304
48883
48883
48883
48883
48883
48883
37817
13677
48883
53
12973
53
53
48883
53
53
48883
48883
48883
27506
53
61486
53
48883
48883
48883
25811
48883
53
48883
53
48883
48883
48883
546
58587
48883
53
48883
48883
5353
5353
48883
48883
48883
48883
48883
546
48883
48883
48883
48883
48883
48883
546
48883
48883
546
48883
48883
48883
48883
48883
48883
48883
48883
48883
48883
48883
48883
48883
48883
48883
48883
48883
48883
48883
48883
48883
48883
48883
48883
48883
48883
48883
48883
48883
48883
48883
48883
48883
48883
48883
48883
48883
48883
48883
48883
48883
48883
48883
48883
48883
48883
48883
48883
48883
48883
48883
48883
48883
48883
48883
48883
48883
48883
48883
48883
48883
48883
48883
48883
48883
48883
48883
48883
48883
48883
48883
32974
53
48883
48883
546
48883
48883
48883
48883
48883
48883
48883
48883
48883
48883
48883
48883
48883
48883
48883
48883
48883
48883
48883
48883
48883
48883
48883
48883
48883
48883
48883
48883
48883
5353
5353
5353
5353
5353
5353
5353
5353
5353
5353
5353
5353
5353
5353
5353
5353
5353
5353
5353
5353
5353
5353
5353
5353
5353
5353
5353
5353
5353
5353
5353
5353
5353
5353
5353
5353
5353
5353
5353
5353
5353
5353
5353
5353
5353
5353
5353
5353
5353
5353
5353
5353
5353
5353
5353
5353
5353
5353
48883
5353
48883
48883
48883
48883
48883
48883
48883
48883
48883
48883
48883
48883
48883
48883
48883
48883
48883
48883
48883
48883
48883
48883
48883
48883
48883
48883
48883
48883
48883
48883
48883
48883
48883
48883
48883
48883
48883
48883
48883
48883
48883
48883
546
48883
48883
48883
48883
48883
48883
546
48883
48883
48883
48883
48883
48883
48883
48883
48883
48883
48883
48883
48883
48883
5353
48883
48883
48883
48883
5353
48883
48883
48883
48883
48883
48883
48883
48883
48883
48883
48883
48883
48883
546
48883
48883
48883
48883
48883
546
48883
48883
48883
48883
48883
48883
48883
48883
48883
48883
48883
48883
48883
48883
48883
48883
48883
48883
48883
48883
48883
48883
48883
48883
48883
48883
48883
48883
48883
48883
48883
48883
55701
48883
48883
48883
55701
48883
48883
48883
48883
48883
48883
48883
48883
60483
48883
48883
48883
48883
60483
48883
48883
48883
48883
48883
48883
48883
48883
48883
48883
48883
48883
48883
48883
48883
48883
48883
48883
48883
48883
48883
48883
48883
48883
48883
48883
48883
48883
48883
3462
53
48883
48883
48883
48883
48883
48883
48883
48883
48883
48883
48883
1900
48883
1900
1900
1900
48883
48883
6525
53
48883
48883
48883
48883
48883
48883
48883
48883
48883
48883
48883
48883
48883
48883
48883
48883
48883
48883
48883
48883
48883
48883
48883
48883
48883
48883
48883
48883
48883
48883
48883
48883
48883
48883
48883
48883
48883
48883
48883
48883
50012
48883
48883
48883
50012
48883
48883
48883
48883
48883
48883
48883
48883
48883
48883
48883
48883
48883
48883
48883
48883
48883
48883
48883
48883
48883
48883
48883
48883
48883
48883
48883
48883
48883
48883
48883
48883
48883
48883
48883
48883
48883
48883
48883
48883
48883
48883
48883
48883
48883
48883
48883
48883
48883
48883
48883
48883
48883
48883
48883
48883
48883
48883
48883
48883
48883
48883
48883
48883
48883
48883
48883
48883
48883
1900
48883
1900
1900
1900
48883
48883
48883
48883
48883
48883
48883
48883
48883
48883
48883
48883
48883
48883
48883
48883
48883
48883
48883
48883
48883
48883
48883
48883
48883
64289
48883
48883
48883
48883
5353
64289
48883
48883
48883
48883
48883
48883
48883
48883
48883
48883
48883
48883
48883
48883
48883
48883
48883
48883
48883
48883
48883
48883
48883
48883
48883
48883
48883
48883
48883
48883
48883
48883
546
546
48883
48883
48883
48883
48883
48883
546
48883
48883
48883
48883
48883
48883
48883
48883
48883
48883
48883
48883
48883
48883
48883
48883
48883
48883
48883
48883
48883
48883
48883
48883
48883
48883
48883
48883
48883
48883
48883
48883
48883
48883
48883
48883
48883
48883
48883
48883
48883
48883
48883
48883
48883
48883
48883
1900
48883
1900
1900
1900
48883
48883
48883
48883
48883
48883
48883
48883
61086
48883
48883
48883
48883
61086
48883
48883
48883
48883
48883
48883
48883
48883
48883
48883
48883
48883
48883
48883
48883
48883
48883
48883
48883
546
48883
48883
48883
48883
546
48883
48883
48883
48883
48883
48883
48883
48883
48883
48883
48883
48883
48883
48883
48883
48883
48883
48883
48883
48883
48883
48883
48883
48883
48883
48883
48883
48883
48883
48883
48883
48883
48883
48883
48883
48883
48883
48883
48883
48883
48883
48883
48883
48883
48883
48883
29361
53
48883
48883
48883
48883
48883
48883
48883
48883
48883
48883
48883
48883
48883
48883
48883
48883
48883
48883
48883
48883
48883
48883
48883
48883
48883
48883
54051
48883
48883
48883
546
48883
54051
48883
48883
48883
51062
7934
61162
53
53
48883
48883
48883
48883
48883
48883
48883
14880
48883
53
48883
48883
5353
48883
60861
48883
53
48883
48883
48883
60861
12039
53
48883
48883
48883
48883
48883
48883
48883
48883
48883
48883
48883
48883
48883
48883
48883
48883
546
48883
48883
48883
48883
48883
48883
48883
48883
48883
48883
48883
48883
48883
48883
48883
48883
48883
48883
48883
48883
48883
48883
48883
48883
48883
57175
48883
48883
48883
48883
48883
57175
48883
48883
48883
48883
48883
48883
48883
48883
48883
48883
59962
51336
48883
48883
48883
48883
48883
48883
48883
48883
48883
48883
48883
48883
48883
48883
48883
48883
51336
59962
48883
48883
48883
48883
51490
48883
48883
48883
48883
51490
48883
48883
48883
48883
48883
48883
48883
48883
48883
48883
48883
48883
48883
64432
48883
48883
48883
48883
64432
48883
48883
48883
48883
48883
48883
48883
48883
48883
48883
48883
48883
48883
48883
48883
48883
48883
48883
48883
546
48883
22915
42970
53
48883
53
59263
39114
43761
52499
29312
35981
53
53
53
53
48883
53
53
48883
48883
48883
48883
48883
55818
53
48883
48883
48883
48883
48883
48883
48883
48883
48883
48883
48883
48883
48883
48883
48883
48883
48883
48883
52164
53
2161
48883
53
48883
48883
48883
10742
25293
52512
53
63093
53
36145
53
2604
48883
53
13911
53
53127
3270
53
39104
53
15607
53
31775
53
46840
53
12194
53
15862
53
16467
53
56151
48883
53
57387
53
53
26034
53
53
48883
53
48883
48883
48883
44681
53
48883
48883
48883
48883
23049
48883
48883
53
2828
48883
48883
53
48883
48883
25486
53
48883
48883
12469
27766
53
53
62683
21869
34968
48883
53
53
48883
53
48883
48883
48883
48883
48883
48883
48883
48883
48883
49277
48883
48883
58532
58532
48883
48883
49277
45920
53
48883
48883
48883
48883
32700
53
48883
32850
49862
48883
29309
53
53
53
23127
53
48883
48883
48883
48883
48883
48883
48883
48883
48883
48883
48883
48883
48883
48883
546
48883
48883
48883
48883
48883
48883
48883
23710
48883
48883
22508
53
48883
53
48883
48883
48883
48883
2961
24427
16318
48883
53
50068
51210
52025
48883
61909
53
48883
53
48883
48883
62550
61092
53
48883
53
48883
42684
53
48883
48883
16967
53
48883
48883
48883
48883
48883
48883
3122
53
48883
48883
43811
53
48883
48883
48883
48883
48883
48883
48883
9434
53
546
48883
48883
48883
48883
48883
17207
13319
61326
53
53
53
48883
27452
48883
53
48883
15494
53
48883
48883
48883
48883
48883
48883
20745
48883
53
48883
48883
48883
48883
7527
53
48883
48883
48883
48883
48883
48883
39023
53
48883
48883
48883
48883
51084
53
48883
48883
48883
546
48883
37424
53
48883
48883
48883
63958
48883
47666
56617
42173
53
53
34020
10906
53
2026
53
34475
53
17107
53
32595
53
53
48883
53
48883
48883
63958
37398
53
48883
48883
17401
53
48883
48883
48883
48883
48883
48883
48883
48883
48883
48883
48883
48883
48883
58532
58532
48883
48883
48883
48883
48883
35281
48883
53
48883
48883
48883
48883
48883
48883
48883
48883
48883
48883
48883
48883
48883
48883
48883
48883
546
48883
48883
48883
48883
48883
57250
48883
48883
48883
48883
57250
48883
48883
48883
48883
48883
48883
48883
48883
48883
48883
48883
48883
48883
48883
48883
48883
48883
48883
48883
48883
48883
48883
48883
48883
48883
48883
48883
48883
48883
48883
48883
48883
48883
48883
48883
48883
48883
48883
48883
48883
48883
48883
48883
48883
48883
48883
48883
48883
62409
48883
48883
48883
48883
62409
48883
48883
48883
48883
48883
48883
48883
48883
48883
5353
48883
48883
48883
48883
48883
48883
48883
48883
48883
48883
48883
48883
48883
48883
48883
48883
48883
48883
48883
48883
48883
48883
48883
58532
58532
48883
48883
48883
48883
48883
48883
48883
48883
48883
48883
48883
48883
48883
48883
48883
48883
48883
48883
48883
48883
48883
48883
546
48883
48883
48883
48883
48883
48883
546
48883
48883
48883
48883
48883
48883
48883
48883
48883
48883
48883
48883
48883
48883
48883
48883
48883
48883
48883
48883
48883
48883
48883
48883
48883
48883
48883
48883
48883
48883
48883
48883
48883
546
48883
61761
48883
48883
48883
48883
61761
48883
48883
48883
48883
48883
48883
48883
48883
48883
48883
48883
48883
48883
48883
48883
48883
48883
48883
48883
48883
48883
48883
48883
48883
48883
51574
57870
48883
61773
62807
48883
48883
48883
48883
48883
48883
48883
48883
48883
48883
48883
48883
48883
48883
48883
51574
57870
48883
61773
62807
48883
48883
48883
48883
48883
48883
48883
48883
48883
48883
48883
48883
48883
48883
48883
48883
48883
48883
48883
48883
48883
48883
48883
48883
48883
48883
48883
48883
48883
48883
48883
48883
48883
48883
48883
48883
48883
48883
48883
48883
48883
48883
48883
48883
48883
48883
48883
48883
48883
48883
48883
48883
48883
63026
48883
48883
48883
63026
48883
48883
48883
5353
48883
5353
48883
48883
48883
48883
48883
48883
48883
48883
48883
5353
48883
48883
48883
48883
48883
48883
48883
48883
48883
5353
48883
48883
48883
48883
48883
48883
48883
48883
5353
48883
48883
48883
48883
48883
48883
48883
48883
48883
48883
48883
48883
48883
48883
48883
48883
48883
5353
48883
48883
48883
48883
48883
48883
48883
48883
48883
48883
48883
48883
48883
48883
48883
48883
48883
48883
48883
48883
48883
48883
48883
48883
48883
48883
5353
48883
48883
48883
48883
48883
48883
48883
48883
48883
48883
5353
48883
48883
48883
48883
5353
48883
48883
48883
48883
48883
48883
48883
48883
50804
48883
33864
53
48883
48883
50804
48883
48883
48883
48883
48883
48883
48883
48883
48883
48883
63246
48883
48883
48883
48883
63246
48883
48883
48883
48883
48883
48883
48883
48883
48883
48883
48883
48883
48883
48883
48883
48883
48883
5353
48883
48883
48883
48883
48883
48883
48883
48883
48883
48883
48883
48883
48883
48883
48883
48883
48883
48883
48883
48883
48883
48883
48883
48883
48883
48883
5353
48883
48883
48883
48883
48883
48883
48883
48883
48883
48883
38395
53
48883
48883
48883
48883
48883
5035
44080
53
53
48883
48883
48883
48883
48883
48883
48883
48883
48883
48883
48883
48883
48883
48883
48883
61793
48883
48883
48883
48883
61793
48883
48883
48883
48883
50813
48883
48883
48883
57247
48883
50813
48883
48883
57247
48883
48883
48883
48883
546
51337
52153
53
53
48883
48883
48883
62327
48883
48883
48883
62327
48883
48883
48883
48883
546
48883
45729
53
48883
63482
53
48883
48883
48883
48883
61524
53
48883
48883
48883
6904
53
48883
48883
48883
48883
48883
48883
48883
48883
48883
48883
48883
48883
48883
48883
48883
48883
48883
48883
48883
48883
48883
48883
546
48883
48883
48883
48883
48883
48883
48883
48883
546
48883
48883
48883
48883
48883
48883
48883
46540
53
48883
48883
48883
48883
48883
48883
48883
48883
48883
48883
48883
48883
48883
48883
48883
48883
48883
48883
48883
48883
48883
48883
48883
48883
48883
48883
48883
9003
53
48883
48883
48883
48883
48883
56109
48883
48883
48883
48883
56109
2857
53
48883
48883
48883
48883
48883
48883
48883
48883
45413
53
57671
48883
48883
48883
48883
57671
48883
48883
48883
48883
6844
53
48883
48883
48883
48883
48883
48883
48883
9064
48883
48883
42936
48883
53
48883
48883
48883
48883
48883
53
48883
48883
48883
546
48883
48883
48883
48883
48883
48883
48883
48883
48883
48883
48883
48883
8281
48883
48883
48883
48883
48883
48883
53
48883
48883
48883
48883
48883
48883
48883
48883
48883
48883
48883
48883
48883
48883
48883
48883
48883
48883
48883
48883
48883
48883
48883
48883
48883
48883
48883
48883
48883
48883
48883
48883
48883
8468
45016
44501
53
53
53
48883
48582
53
45561
51810
51330
53
52586
53
45090
48883
53
48883
48883
48883
48883
53
53
48883
48883
48883
52805
48883
52805
25342
53
62225
62225
48701
53
49205
19567
53
39276
53
27576
53
14340
53
546
19704
53
546
50625
54944
16807
53
53
42492
52615
53
53
21325
53
58047
53
58047
61846
53
62036
53
6028
53
45507
53
5353
33455
53
40681
53
49205
10696
53
57619
53
546
8282
56947
33768
53
17622
53
53
31773
59053
53
53
53
59308
53
53878
53
5501
53
51193
51193
56140
53
31747
53
60398
53
49205
51510
51510
31182
53
546
9108
50169
53
53
51509
58822
51509
53
20171
53
27076
53
546
546
29742
41881
53
53
32560
53
10586
10885
54316
53
54316
546
546
53
34449
12983
49515
53
53
53
13766
53
546
35079
53
36616
36638
61806
53
47643
53
39617
53
53
21437
40650
59162
53
5881
53
61499
53
3040
59162
53
32374
53
43782
53
41338
53
11585
53
56467
60136
57143
53
39054
53
3193
53
55328
53
32155
53
26644
53
39245
53
5993
1785
53
57143
56467
49702
53
53
52277
53
59987
53
37513
53
53
14632
53
53
546
12761
53
12398
53
3073
53
46547
53
29325
53
64360
11649
53
53
23454
53
5789
53
546
49948
53
24781
53
39979
53
59675
53
5353
5353
5353
5353
5353
5353
5353
5353
546
51373
53
64324
53
5353
546
6236
53
546
63409
53
42707
53
546
12978
64224
53
53
5353
31521
53
5353
546
7382
53
46723
53
61923
53
546
62618
13559
53
53
546
546
29095
53
546
18631
53
546
546
5353
48494
64449
13139
54066
53
53
53
53
57526
53
40344
53
53638
53
58652
53
546
546
546
546
57952
47875
53
53
53
546
546
546
15891
53
