54 0.191298
56 0.191316
60 0.215388
61 0.215406
62 0.215424
63 0.215442
64 0.21546
66 0.234196
67 0.234268
68 0.234286
69 0.234412
70 0.234825
71 0.235346
72 0.235795
73 0.236496
74 0.24025
75 0.241148
76 0.242603
77 0.243196
78 0.243843
79 0.244543
80 0.245136
81 0.245711
82 0.246034
83 0.246412
84 0.248747
85 0.249178
86 0.252178
87 0.25243
88 0.252735
89 0.253328
90 0.253813
91 0.254046
92 0.254945
93 0.255466
94 0.255663
95 0.255879
96 0.25604
97 0.256238
98 0.270124
99 0.27043
100 0.270519
101 0.270753
102 0.270807
103 0.270861
104 0.270915
105 0.271058
106 0.27113
107 0.271166
108 0.27131
109 0.271382
110 0.271543
111 0.271651
112 0.271759
113 0.271831
114 0.271849
115 0.271885
116 0.27201
117 0.272046
118 0.272082
120 0.272172
121 0.272316
122 0.272334
123 0.272388
124 0.272424
125 0.272459
126 0.272513
127 0.272675
128 0.272837
129 0.27298
130 0.273088
131 0.27316
132 0.27325
133 0.273322
134 0.274022
135 0.27422
136 0.274256
137 0.274292
138 0.274471
139 0.274597
140 0.274651
141 0.274831
142 0.274956
144 0.27501
145 0.27519
146 0.275334
147 0.275675
148 0.276196
149 0.27625
150 0.276465
151 0.276735
152 0.276843
153 0.277166
154 0.27731
155 0.2774
156 0.277615
157 0.277777
158 0.277903
159 0.277992
160 0.278639
161 0.278711
162 0.278909
163 0.278962
164 0.279034
165 0.279052
166 0.279142
167 0.27916
168 0.279286
169 0.279358
170 0.279537
171 0.279573
172 0.279681
173 0.279807
174 0.279897
175 0.27995
176 0.280166
177 0.280238
179 0.280471
180 0.280579
181 0.280885
182 0.28092
183 0.281028
184 0.2811
185 0.281118
186 0.281208
187 0.281244
188 0.28128
189 0.281298
190 0.281316
191 0.281334
194 0.281693
195 0.281747
196 0.281765
197 0.281801
198 0.281819
199 0.281873
200 0.281908
201 0.281926
203 0.281944
205 0.28198
206 0.281998
207 0.282034
208 0.28216
209 0.282178
210 0.282196
214 0.282214
215 0.28225
216 0.282322
218 0.283328
219 0.283346
222 0.283489
223 0.283507
226 0.283525
227 0.283543
228 0.283687
229 0.283705
230 0.283723
232 0.283741
233 0.283759
235 0.283813
236 0.283849
238 0.283867
239 0.283902
240 0.283938
241 0.284028
243 0.284082
244 0.284208
245 0.284513
246 0.284531
247 0.284567
249 0.284585
251 0.284693
252 0.284711
254 0.284747
255 0.284765
257 0.284783
259 0.284801
260 0.284819
264 0.284837
265 0.284855
268 0.284891
270 0.284908
271 0.284926
272 0.284962
274 0.28498
275 0.285034
276 0.285088
278 0.285124
279 0.285304
280 0.285322
281 0.285394
283 0.285411
284 0.285483
285 0.285537
287 0.285573
288 0.285591
289 0.285609
290 0.285627
296 0.285771
298 0.285789
300 0.285825
301 0.285843
304 0.285879
308 0.285896
310 0.285932
316 0.28595
318 0.285968
320 0.285986
324 0.286004
332 0.286058
335 0.286076
341 0.28613
346 0.286435
350 0.286471
364 0.286525
366 0.286543
367 0.286561
369 0.286579
371 0.286615
377 0.286777
381 0.286795
384 0.286813
385 0.286831
386 0.286849
388 0.286938
393 0.286974
394 0.286992
402 0.287028
408 0.287064
409 0.2871
410 0.28728
411 0.287316
412 0.287657
413 0.287693
414 0.287729
415 0.287765
421 0.287783
423 0.287819
424 0.287837
427 0.287855
429 0.288376
431 0.288393
432 0.288411
433 0.288447
434 0.288483
435 0.288501
436 0.288537
438 0.288555
439 0.288573
440 0.28913
442 0.289328
443 0.289382
444 0.289399
445 0.289471
446 0.289507
447 0.289525
448 0.289543
449 0.289579
453 0.289597
454 0.289741
455 0.290028
456 0.29028
458 0.290387
459 0.290405
460 0.290423
461 0.291358
462 0.291393
464 0.291465
465 0.291591
467 0.291663
468 0.291717
470 0.291735
471 0.291771
472 0.291932
474 0.29195
476 0.29204
477 0.292238
479 0.29504
480 0.360321
483 0.360375
484 0.360429
486 0.360483
490 0.360501
491 0.360555
493 0.360573
495 0.361363
498 0.361381
501 0.361435
505 0.361489
511 0.36192
512 0.361974
514 0.362028
515 0.362513
516 0.362531
517 0.362549
518 0.362567
519 0.362621
520 0.362657
521 0.362674
525 0.362692
528 0.362728
530 0.362746
531 0.362764
532 0.362782
536 0.362818
537 0.362836
539 0.362962
540 0.36298
543 0.362998
546 0.363016
548 0.363142
549 0.36316
550 0.363213
556 0.363267
559 0.363303
561 0.363375
562 0.363411
566 0.363429
567 0.363447
568 0.363483
569 0.363555
570 0.363573
571 0.363609
577 0.363627
579 0.363752
580 0.36377
581 0.363806
583 0.363824
584 0.363842
587 0.36386
588 0.363878
590 0.363896
591 0.363932
598 0.36395
604 0.363968
605 0.364165
606 0.364183
607 0.364255
608 0.364273
610 0.364291
611 0.364327
612 0.364345
614 0.364417
617 0.364453
620 0.364489
621 0.364507
622 0.364525
624 0.364543
626 0.364561
627 0.364633
631 0.364866
634 0.364902
636 0.36492
641 0.364938
643 0.364956
645 0.364974
650 0.364992
651 0.365028
653 0.3651
656 0.365118
660 0.365136
666 0.365154
670 0.365207
671 0.365225
674 0.365243
677 0.365423
678 0.365477
679 0.365513
680 0.365531
685 0.365549
686 0.365603
687 0.365621
688 0.365656
691 0.365692
696 0.36571
702 0.365746
709 0.365764
711 0.365818
714 0.365836
720 0.365854
721 0.365872
722 0.36589
724 0.365908
726 0.365926
727 0.365944
728 0.365962
729 0.365998
730 0.366088
731 0.366142
732 0.366159
734 0.366177
736 0.366195
740 0.366213
741 0.366231
742 0.366267
743 0.366321
744 0.366339
745 0.366375
746 0.366411
747 0.366537
748 0.366555
749 0.366573
752 0.366627
753 0.36668
755 0.366698
756 0.366716
757 0.366734
762 0.366824
765 0.366842
766 0.366878
767 0.366896
768 0.366986
769 0.367004
770 0.367094
773 0.367112
778 0.367148
779 0.367165
781 0.367183
782 0.367219
783 0.367255
784 0.367273
786 0.367291
791 0.367309
793 0.367327
795 0.367345
796 0.367381
799 0.367399
801 0.367417
802 0.367435
803 0.367471
804 0.367525
806 0.367543
808 0.367561
810 0.367633
815 0.36774
821 0.367758
822 0.367776
825 0.367794
826 0.367938
827 0.36801
828 0.368028
829 0.368118
833 0.368153
835 0.368171
836 0.368207
838 0.368243
843 0.368261
844 0.368297
845 0.368315
846 0.368333
847 0.368351
850 0.368369
852 0.368387
853 0.368405
856 0.368459
860 0.368477
862 0.368495
863 0.368513
867 0.368549
871 0.368585
873 0.368603
874 0.368621
875 0.368639
879 0.368656
884 0.368674
885 0.368692
887 0.36871
888 0.368764
892 0.3688
894 0.368818
896 0.368836
897 0.368854
898 0.36889
901 0.368908
902 0.368926
903 0.368944
904 0.368962
905 0.369088
906 0.369106
908 0.369124
909 0.369142
910 0.369159
915 0.369177
917 0.369213
919 0.369231
921 0.369285
930 0.37207
932 0.372088
933 0.372106
936 0.372124
940 0.372177
942 0.372195
946 0.372213
948 0.372231
952 0.372267
955 0.372285
957 0.372303
967 0.372321
968 0.372393
971 0.372411
975 0.372429
976 0.372465
992 0.372555
994 0.372573
998 0.372591
1013 0.372609
1017 0.372627
1019 0.372662
1020 0.37268
1021 0.372698
1022 0.372716
1024 0.372734
1025 0.372752
1028 0.372788
1029 0.372806
1030 0.372824
1034 0.372842
1036 0.372878
1045 0.372896
1046 0.372914
1054 0.372932
1056 0.372968
1062 0.372986
1073 0.373004
1082 0.37304
1092 0.373058
1093 0.373076
1094 0.373094
1103 0.373147
1104 0.373165
1109 0.373183
1110 0.373201
1114 0.373219
1115 0.373237
1118 0.373255
1119 0.373273
1122 0.373291
1123 0.373309
1125 0.373345
1127 0.373363
1131 0.373381
1132 0.373399
1134 0.373417
1136 0.373453
1138 0.373471
1141 0.373489
1142 0.373507
1144 0.373525
1149 0.373543
1150 0.373561
1152 0.373579
1153 0.373597
1156 0.373632
1158 0.373668
1160 0.373686
1162 0.373704
1168 0.373722
1170 0.37374
1175 0.373758
1176 0.373776
1184 0.373794
1185 0.373812
1195 0.37383
1201 0.373848
1204 0.373866
1207 0.373884
1210 0.374028
1216 0.374046
1218 0.374064
1225 0.374082
1227 0.3741
1231 0.374135
1233 0.374153
1241 0.374171
1244 0.374189
1248 0.374207
1249 0.374225
1255 0.374243
1259 0.374297
1260 0.374369
1261 0.374387
1262 0.374441
1263 0.374495
1264 0.374531
1265 0.374567
1269 0.374585
1272 0.374603
1273 0.374638
1274 0.374692
1276 0.374728
1279 0.374746
1280 0.374764
1281 0.374782
1282 0.3748
1287 0.374836
1288 0.374854
1291 0.374872
1292 0.37489
1294 0.374908
1297 0.374926
1301 0.374962
1304 0.375034
1310 0.375052
1311 0.375088
1315 0.375141
1316 0.375159
1317 0.375231
1318 0.375321
1319 0.375339
1320 0.375357
1322 0.375375
1325 0.375393
1328 0.375411
1329 0.375429
1331 0.375447
1334 0.375465
1337 0.375483
1342 0.375519
1344 0.375537
1346 0.375573
1347 0.375591
1348 0.375644
1349 0.375698
1350 0.375842
1352 0.37586
1353 0.375896
1354 0.376004
1355 0.376022
1357 0.376058
1362 0.376094
1378 0.376112
1380 0.376129
1381 0.376183
1382 0.376237
1383 0.376291
1388 0.376758
1390 0.376776
1395 0.376794
1397 0.37683
1404 0.376848
1406 0.376866
1413 0.376884
1414 0.376902
1415 0.376938
1417 0.376956
1419 0.376974
1430 0.384249
1434 0.384267
1435 0.384285
1438 0.384321
1439 0.384339
1447 0.384357
1452 0.384375
1453 0.384393
1456 0.384429
1457 0.384573
1472 0.396249
1475 0.396267
1490 0.396303
1491 0.396321
1493 0.396339
1495 0.396375
1496 0.396519
1497 0.396555
1500 0.39659
1501 0.396608
1502 0.396662
1504 0.39668
1506 0.396698
1507 0.396716
1508 0.396752
1509 0.39677
1510 0.396824
1511 0.39704
1512 0.397471
1513 0.400848
1514 1
