      1 0.020772
      1 0.021134
      1 0.024197
      1 0.024553
      1 0.024634
      1 0.024664
      1 0.025250
      1 0.025292
      1 0.025424
      1 0.025539
      1 0.025671
      1 0.025724
      1 0.025769
      1 0.025805
      1 0.025823
      1 0.025828
      1 0.025854
      1 0.025921
      1 0.025923
      1 0.025935
      1 0.025943
      1 0.025944
      1 0.025958
      1 0.025960
      1 0.025962
      1 0.025977
      1 0.025996
      2 0.026030
      1 0.026033
      1 0.026034
      1 0.026037
      1 0.026038
      1 0.026041
      2 0.026045
      2 0.026047
      2 0.026048
      1 0.026050
      2 0.026053
      3 0.026054
      2 0.026056
      1 0.026057
      2 0.026058
      2 0.026059
      2 0.026060
      1 0.026061
      4 0.026062
      2 0.026063
      1 0.026065
      2 0.026066
      3 0.026067
      1 0.026068
      1 0.026069
      1 0.026070
      1 0.026071
      2 0.026072
      1 0.026073
      4 0.026074
      1 0.026076
      7 0.026077
      1 0.026078
      5 0.026080
      3 0.026082
      2 0.026083
      1 0.026084
      2 0.026085
      5 0.026086
      4 0.026087
      4 0.026088
      4 0.026089
      2 0.026090
      8 0.026091
      1 0.026092
      4 0.026093
      7 0.026094
      6 0.026095
      5 0.026096
      5 0.026097
      5 0.026098
      8 0.026099
      7 0.026100
      5 0.026101
     11 0.026102
      6 0.026103
     10 0.026104
      7 0.026105
     13 0.026106
     10 0.026107
     15 0.026108
     20 0.026109
     11 0.026110
     14 0.026111
     13 0.026112
     18 0.026113
     20 0.026114
     18 0.026115
     21 0.026116
     25 0.026117
     29 0.026118
     34 0.026119
     32 0.026120
     29 0.026121
     26 0.026122
     38 0.026123
     23 0.026124
     28 0.026125
     33 0.026126
     36 0.026127
     37 0.026128
     62 0.026129
     53 0.026130
     60 0.026131
     45 0.026132
     50 0.026133
     67 0.026134
     56 0.026135
     70 0.026136
     76 0.026137
     96 0.026138
    120 0.026139
    129 0.026140
     98 0.026141
    105 0.026142
     72 0.026143
     79 0.026144
     68 0.026145
     56 0.026146
     66 0.026147
     69 0.026148
     73 0.026149
     45 0.026150
     70 0.026151
     68 0.026152
     48 0.026153
     45 0.026154
     51 0.026155
     52 0.026156
     60 0.026157
     52 0.026158
     66 0.026159
     63 0.026160
     46 0.026161
     51 0.026162
     44 0.026163
     34 0.026164
     34 0.026165
     39 0.026166
     27 0.026167
     37 0.026168
     30 0.026169
     39 0.026170
     25 0.026171
     30 0.026172
     20 0.026173
     11 0.026174
     24 0.026175
     13 0.026176
     16 0.026177
     20 0.026178
     16 0.026179
     14 0.026180
     17 0.026181
      5 0.026182
     11 0.026183
      6 0.026184
     10 0.026185
      6 0.026186
      6 0.026187
      8 0.026188
      3 0.026189
      8 0.026190
      6 0.026191
      4 0.026192
      5 0.026193
      6 0.026194
      8 0.026195
      5 0.026196
      3 0.026197
      7 0.026198
      2 0.026199
      5 0.026200
      4 0.026201
      4 0.026202
      8 0.026203
      7 0.026204
      6 0.026205
      5 0.026206
      4 0.026208
      1 0.026209
      5 0.026210
      1 0.026211
      4 0.026212
      3 0.026213
      4 0.026214
      5 0.026215
      1 0.026217
      2 0.026218
      1 0.026219
      2 0.026220
      1 0.026221
      2 0.026222
      3 0.026225
      3 0.026226
      4 0.026227
      2 0.026229
      1 0.026231
      4 0.026232
      2 0.026233
      1 0.026234
      1 0.026236
      1 0.026237
      2 0.026238
      2 0.026241
      1 0.026242
      1 0.026248
      2 0.026249
      1 0.026257
      1 0.026260
      1 0.026263
      2 0.026265
      1 0.026278
      1 0.026279
      1 0.026289
      1 0.026294
      1 0.026314
      1 0.026322
      1 0.026341
      1 0.026375
      1 0.026383
      1 0.026384
      1 0.026427
      1 0.026469
      1 0.026483
      1 0.026517
      1 0.026523
      1 0.026573
      1 0.026615
      1 0.026769
      1 0.026780
      1 0.027007
      1 0.027053
      1 0.027603
      1 0.027648
      1 0.027706
      1 0.028085
      1 0.031148
      1 0.031535
      1 0.042649
      1 0.042662
      1 0.042716
