  10649 54
      1 56
   1340 60
      1 61
      1 62
      1 63
      1 64
   1043 66
      4 67
      1 68
      7 69
     23 70
     29 71
     25 72
     39 73
    209 74
     50 75
     81 76
     33 77
     36 78
     39 79
     33 80
     32 81
     18 82
     21 83
    130 84
     24 85
    167 86
     14 87
     17 88
     33 89
     27 90
     13 91
     50 92
     29 93
     11 94
     12 95
      9 96
     11 97
    773 98
     17 99
      5 100
     13 101
      3 102
      3 103
      3 104
      8 105
      4 106
      2 107
      8 108
      4 109
      9 110
      6 111
      6 112
      4 113
      1 114
      2 115
      7 116
      2 117
      2 118
      5 120
      8 121
      1 122
      3 123
      2 124
      2 125
      3 126
      9 127
      9 128
      8 129
      6 130
      4 131
      5 132
      4 133
     39 134
     11 135
      2 136
      2 137
     10 138
      7 139
      3 140
     10 141
      7 142
      3 144
     10 145
      8 146
     19 147
     29 148
      3 149
     12 150
     15 151
      6 152
     18 153
      8 154
      5 155
     12 156
      9 157
      7 158
      5 159
     36 160
      4 161
     11 162
      3 163
      4 164
      1 165
      5 166
      1 167
      7 168
      4 169
     10 170
      2 171
      6 172
      7 173
      5 174
      3 175
     12 176
      4 177
     13 179
      6 180
     17 181
      2 182
      6 183
      4 184
      1 185
      5 186
      2 187
      2 188
      1 189
      1 190
      1 191
     20 194
      3 195
      1 196
      2 197
      1 198
      3 199
      2 200
      1 201
      1 203
      2 205
      1 206
      2 207
      7 208
      1 209
      1 210
      1 214
      2 215
      4 216
     56 218
      1 219
      8 222
      1 223
      1 226
      1 227
      8 228
      1 229
      1 230
      1 232
      1 233
      3 235
      2 236
      1 238
      2 239
      2 240
      5 241
      3 243
      7 244
     17 245
      1 246
      2 247
      1 249
      6 251
      1 252
      2 254
      1 255
      1 257
      1 259
      1 260
      1 264
      1 265
      2 268
      1 270
      1 271
      2 272
      1 274
      3 275
      3 276
      2 278
     10 279
      1 280
      4 281
      1 283
      4 284
      3 285
      2 287
      1 288
      1 289
      1 290
      8 296
      1 298
      2 300
      1 301
      2 304
      1 308
      2 310
      1 316
      1 318
      1 320
      1 324
      3 332
      1 335
      3 341
     17 346
      2 350
      3 364
      1 366
      1 367
      1 369
      2 371
      9 377
      1 381
      1 384
      1 385
      1 386
      5 388
      2 393
      1 394
      2 402
      2 408
      2 409
     10 410
      2 411
     19 412
      2 413
      2 414
      2 415
      1 421
      2 423
      1 424
      1 427
     29 429
      1 431
      1 432
      2 433
      2 434
      1 435
      2 436
      1 438
      1 439
     31 440
     11 442
      3 443
      1 444
      4 445
      2 446
      1 447
      1 448
      2 449
      1 453
      8 454
     16 455
     14 456
      6 458
      1 459
      1 460
     52 461
      2 462
      4 464
      7 465
      4 467
      3 468
      1 470
      2 471
      9 472
      1 474
      5 476
     11 477
    156 479
   3634 480
      3 483
      3 484
      3 486
      1 490
      3 491
      1 493
     44 495
      1 498
      3 501
      3 505
     24 511
      3 512
      3 514
     27 515
      1 516
      1 517
      1 518
      3 519
      2 520
      1 521
      1 525
      2 528
      1 530
      1 531
      1 532
      2 536
      1 537
      7 539
      1 540
      1 543
      1 546
      7 548
      1 549
      3 550
      3 556
      2 559
      4 561
      2 562
      1 566
      1 567
      2 568
      4 569
      1 570
      2 571
      1 577
      7 579
      1 580
      2 581
      1 583
      1 584
      1 587
      1 588
      1 590
      2 591
      1 598
      1 604
     11 605
      1 606
      4 607
      1 608
      1 610
      2 611
      1 612
      4 614
      2 617
      2 620
      1 621
      1 622
      1 624
      1 626
      4 627
     13 631
      2 634
      1 636
      1 641
      1 643
      1 645
      1 650
      2 651
      4 653
      1 656
      1 660
      1 666
      3 670
      1 671
      1 674
     10 677
      3 678
      2 679
      1 680
      1 685
      3 686
      1 687
      2 688
      2 691
      1 696
      2 702
      1 709
      3 711
      1 714
      1 720
      1 721
      1 722
      1 724
      1 726
      1 727
      1 728
      2 729
      5 730
      3 731
      1 732
      1 734
      1 736
      1 740
      1 741
      2 742
      3 743
      1 744
      2 745
      2 746
      7 747
      1 748
      1 749
      3 752
      3 753
      1 755
      1 756
      1 757
      5 762
      1 765
      2 766
      1 767
      5 768
      1 769
      5 770
      1 773
      2 778
      1 779
      1 781
      2 782
      2 783
      1 784
      1 786
      1 791
      1 793
      1 795
      2 796
      1 799
      1 801
      1 802
      2 803
      3 804
      1 806
      1 808
      4 810
      6 815
      1 821
      1 822
      1 825
      8 826
      4 827
      1 828
      5 829
      2 833
      1 835
      2 836
      2 838
      1 843
      2 844
      1 845
      1 846
      1 847
      1 850
      1 852
      1 853
      3 856
      1 860
      1 862
      1 863
      2 867
      2 871
      1 873
      1 874
      1 875
      1 879
      1 884
      1 885
      1 887
      3 888
      2 892
      1 894
      1 896
      1 897
      2 898
      1 901
      1 902
      1 903
      1 904
      7 905
      1 906
      1 908
      1 909
      1 910
      1 915
      2 917
      1 919
      3 921
    155 930
      1 932
      1 933
      1 936
      3 940
      1 942
      1 946
      1 948
      2 952
      1 955
      1 957
      1 967
      4 968
      1 971
      1 975
      2 976
      5 992
      1 994
      1 998
      1 1013
      1 1017
      2 1019
      1 1020
      1 1021
      1 1022
      1 1024
      1 1025
      2 1028
      1 1029
      1 1030
      1 1034
      2 1036
      1 1045
      1 1046
      1 1054
      2 1056
      1 1062
      1 1073
      2 1082
      1 1092
      1 1093
      1 1094
      3 1103
      1 1104
      1 1109
      1 1110
      1 1114
      1 1115
      1 1118
      1 1119
      1 1122
      1 1123
      2 1125
      1 1127
      1 1131
      1 1132
      1 1134
      2 1136
      1 1138
      1 1141
      1 1142
      1 1144
      1 1149
      1 1150
      1 1152
      1 1153
      2 1156
      2 1158
      1 1160
      1 1162
      1 1168
      1 1170
      1 1175
      1 1176
      1 1184
      1 1185
      1 1195
      1 1201
      1 1204
      1 1207
      8 1210
      1 1216
      1 1218
      1 1225
      1 1227
      2 1231
      1 1233
      1 1241
      1 1244
      1 1248
      1 1249
      1 1255
      3 1259
      4 1260
      1 1261
      3 1262
      3 1263
      2 1264
      2 1265
      1 1269
      1 1272
      2 1273
      3 1274
      2 1276
      1 1279
      1 1280
      1 1281
      1 1282
      2 1287
      1 1288
      1 1291
      1 1292
      1 1294
      1 1297
      2 1301
      4 1304
      1 1310
      2 1311
      3 1315
      1 1316
      4 1317
      5 1318
      1 1319
      1 1320
      1 1322
      1 1325
      1 1328
      1 1329
      1 1331
      1 1334
      1 1337
      2 1342
      1 1344
      2 1346
      1 1347
      3 1348
      3 1349
      8 1350
      1 1352
      2 1353
      6 1354
      1 1355
      2 1357
      2 1362
      1 1378
      1 1380
      3 1381
      3 1382
      3 1383
     26 1388
      1 1390
      1 1395
      2 1397
      1 1404
      1 1406
      1 1413
      1 1414
      2 1415
      1 1417
      1 1419
    405 1430
      1 1434
      1 1435
      2 1438
      1 1439
      1 1447
      1 1452
      1 1453
      2 1456
      8 1457
    650 1472
      1 1475
      2 1490
      1 1491
      1 1493
      2 1495
      8 1496
      2 1497
      2 1500
      1 1501
      3 1502
      1 1504
      1 1506
      1 1507
      2 1508
      1 1509
      3 1510
     12 1511
     24 1512
    188 1513
  33353 1514
