0.0261 0.00184989
0.0262 0.00317125
0.02525 0.00343552
0.02596 0.00369979
0.02603 0.00422833
0.02605 0.0044926
0.02606 0.00502114
0.02607 0.00528541
0.02608 0.00660677
0.02609 0.00713531
0.02611 0.0100423
0.02612 0.0184989
0.02613 0.0325053
0.02614 0.0665962
0.02615 0.0784884
0.02616 0.0951374
0.02617 0.105444
0.02618 0.109144
0.02619 0.111258
0.02621 0.112579
0.02622 0.113108
0.02626 0.113372
0.02678 0.113636
0.020772 0.113901
0.021134 0.114165
0.024197 0.114429
0.024553 0.114693
0.024634 0.114958
0.024664 0.115222
0.025292 0.115486
0.025424 0.115751
0.025539 0.116015
0.025671 0.116279
0.025724 0.116543
0.025769 0.116808
0.025805 0.117072
0.025823 0.117336
0.025828 0.1176
0.025854 0.117865
0.025921 0.118129
0.025923 0.118393
0.025935 0.118658
0.025943 0.118922
0.025944 0.119186
0.025958 0.11945
0.025962 0.119715
0.025977 0.119979
0.025996 0.120243
0.026033 0.120507
0.026034 0.120772
0.026037 0.121036
0.026038 0.1213
0.026041 0.121564
0.026045 0.122093
0.026047 0.122622
0.026048 0.12315
0.026053 0.123679
0.026054 0.124471
0.026056 0.125
0.026057 0.125264
0.026058 0.125793
0.026059 0.126321
0.026061 0.126586
0.026062 0.127643
0.026063 0.128171
0.026065 0.128436
0.026066 0.128964
0.026067 0.129757
0.026068 0.130021
0.026069 0.130285
0.026071 0.13055
0.026072 0.131078
0.026073 0.131342
0.026074 0.1324
0.026076 0.132664
0.026077 0.134514
0.026078 0.134778
0.026082 0.135571
0.026083 0.136099
0.026084 0.136364
0.026085 0.136892
0.026086 0.138214
0.026087 0.139271
0.026088 0.140328
0.026089 0.141385
0.026091 0.143499
0.026092 0.143763
0.026093 0.14482
0.026094 0.14667
0.026095 0.148256
0.026096 0.149577
0.026097 0.150899
0.026098 0.15222
0.026099 0.154334
0.026101 0.155655
0.026102 0.158562
0.026103 0.160148
0.026104 0.162791
0.026105 0.164641
0.026106 0.168076
0.026107 0.170719
0.026108 0.174683
0.026109 0.179968
0.026111 0.183668
0.026112 0.187104
0.026113 0.19186
0.026114 0.197146
0.026115 0.201903
0.026116 0.207452
0.026117 0.214059
0.026118 0.221723
0.026119 0.230708
0.026121 0.238372
0.026122 0.245243
0.026123 0.255285
0.026124 0.261364
0.026125 0.268763
0.026126 0.277484
0.026127 0.286998
0.026128 0.296776
0.026129 0.313161
0.026131 0.329017
0.026132 0.340909
0.026133 0.354123
0.026134 0.371829
0.026135 0.386628
0.026136 0.405127
0.026137 0.425211
0.026138 0.450581
0.026139 0.482294
0.026141 0.508192
0.026142 0.535941
0.026143 0.554968
0.026144 0.575846
0.026145 0.593816
0.026146 0.608615
0.026147 0.626057
0.026148 0.644292
0.026149 0.663584
0.026151 0.682082
0.026152 0.700053
0.026153 0.712738
0.026154 0.72463
0.026155 0.738108
0.026156 0.75185
0.026157 0.767706
0.026158 0.781448
0.026159 0.79889
0.026161 0.811047
0.026162 0.824524
0.026163 0.836152
0.026164 0.845137
0.026165 0.854123
0.026166 0.864429
0.026167 0.871564
0.026168 0.881342
0.026169 0.889271
0.026171 0.895877
0.026172 0.903805
0.026173 0.909091
0.026174 0.911998
0.026175 0.91834
0.026176 0.921776
0.026177 0.926004
0.026178 0.93129
0.026179 0.935518
0.026181 0.940011
0.026182 0.941332
0.026183 0.944239
0.026184 0.945825
0.026185 0.948467
0.026186 0.950053
0.026187 0.951638
0.026188 0.953753
0.026189 0.954545
0.026191 0.956131
0.026192 0.957188
0.026193 0.95851
0.026194 0.960095
0.026195 0.962209
0.026196 0.963531
0.026197 0.964323
0.026198 0.966173
0.026199 0.966702
0.026201 0.967759
0.026202 0.968816
0.026203 0.97093
0.026204 0.97278
0.026205 0.974366
0.026206 0.975687
0.026208 0.976744
0.026209 0.977008
0.026211 0.977273
0.026212 0.97833
0.026213 0.979123
0.026214 0.98018
0.026215 0.981501
0.026217 0.981765
0.026218 0.982294
0.026219 0.982558
0.026221 0.982822
0.026222 0.983351
0.026225 0.984144
0.026226 0.984937
0.026227 0.985994
0.026229 0.986522
0.026231 0.986786
0.026232 0.987844
0.026233 0.988372
0.026234 0.988636
0.026236 0.988901
0.026237 0.989165
0.026238 0.989693
0.026241 0.990222
0.026242 0.990486
0.026248 0.990751
0.026249 0.991279
0.026257 0.991543
0.026263 0.991808
0.026265 0.992336
0.026278 0.9926
0.026279 0.992865
0.026289 0.993129
0.026294 0.993393
0.026314 0.993658
0.026322 0.993922
0.026341 0.994186
0.026375 0.99445
0.026383 0.994715
0.026384 0.994979
0.026427 0.995243
0.026469 0.995507
0.026483 0.995772
0.026517 0.996036
0.026523 0.9963
0.026573 0.996564
0.026615 0.996829
0.026769 0.997093
0.027007 0.997357
0.027053 0.997622
0.027603 0.997886
0.027648 0.99815
0.027706 0.998414
0.028085 0.998679
0.031148 0.998943
0.031535 0.999207
0.042649 0.999471
0.042662 0.999736
0.042716 1
