75
258
265
148
147
125
237
125
124
144
290
127
202
116
144
132
121
156
109
144
73
98
72
97
73
102
95
84
97
73
95
75
271
78
89
79
120
156
78
80
82
80
78
78
78
78
78
78
78
78
78
78
78
83
82
121
78
78
78
78
79
78
78
78
78
77
78
78
78
79
78
78
78
78
78
78
78
78
78
78
78
79
106
78
78
85
78
154
154
265
114
125
110
92
115
116
265
130
127
102
107
126
112
155
146
85
121
265
92
91
94
94
162
158
159
148
154
163
127
163
101
128
144
89
94
91
240
88
74
83
72
262
120
174
158
181
172
78
157
124
154
107
120
97
75
161
73
227
138
78
91
78
91
115
77
79
79
79
118
138
235
137
77
193
76
218
101
173
183
104
187
99
94
109
75
112
108
80
73
79
76
116
98
115
106
82
160
128
97
84
102
121
134
193
100
141
113
114
88
275
140
75
74
77
75
154
94
76
75
78
81
75
152
264
191
76
152
106
261
145
127
96
117
78
87
83
93
135
81
144
200
172
84
159
82
265
76
96
82
81
124
144
232
72
134
137
96
273
96
273
156
267
115
97
73
117
156
185
99
119
237
237
137
72
146
87
81
84
150
142
87
122
140
81
155
84
117
95
76
121
127
84
121
127
133
168
75
107
94
81
77
85
80
72
186
77
77
98
98
88
75
146
146
99
226
135
141
163
139
115
114
142
137
139
149
77
139
139
143
146
169
133
91
141
84
202
143
141
104
158
172
90
142
140
147
127
261
156
230
69
148
91
86
87
78
177
94
94
74
74
158
167
136
167
136
181
75
142
142
250
125
75
75
225
76
194
219
152
237
170
173
174
175
191
233
170
133
171
78
95
91
270
243
83
80
222
72
130
85
126
107
79
96
96
118
124
154
150
159
151
124
205
154
112
83
302
176
148
82
103
121
170
85
115
183
304
246
122
165
113
114
147
83
156
83
109
160
80
160
158
159
75
120
150
76
276
71
161
80
159
161
80
156
75
81
158
271
91
156
75
120
265
106
265
153
270
114
107
156
130
238
237
290
71
76
124
113
120
113
113
120
113
135
128
128
271
120
265
265
258
152
125
74
78
98
103
116
72
146
156
76
72
72
262
116
125
81
121
237
102
81
85
155
80
74
166
168
149
160
155
83
222
115
162
81
79
75
74
90
116
148
127
265
125
240
70
85
160
167
123
114
92
148
114
261
106
81
136
189
75
86
212
224
181
172
133
169
169
169
221
131
170
256
121
147
150
96
270
163
157
127
113
117
113
128
264
270
213
267
131
144
107
85
159
262
162
140
90
115
89
146
146
146
148
146
148
121
148
134
134
380
123
