59
61
65
71
70
61
61
61
57
67
70
64
61
62
68
61
67
67
57
57
61
57
57
62
56
56
58
64
57
67
59
57
73
63
61
62
61
70
62
64
66
64
62
62
62
62
62
62
62
67
62
62
62
62
62
63
66
62
62
62
61
62
62
62
62
62
62
63
62
62
62
62
62
62
62
62
62
62
62
62
62
62
62
63
61
62
69
58
58
65
59
59
80
76
65
66
57
70
63
62
62
62
57
69
73
69
66
65
76
75
78
78
66
62
71
111
75
62
66
74
73
69
70
78
73
65
62
75
57
72
58
67
56
57
65
68
70
62
62
63
59
66
68
81
59
63
62
61
65
57
63
62
61
67
62
57
62
61
63
64
58
66
61
65
62
60
69
64
69
59
70
65
60
59
57
63
66
62
64
63
60
62
64
59
60
67
60
66
60
68
58
62
66
61
68
65
59
60
62
92
56
59
58
61
59
59
59
78
60
59
62
65
59
69
63
60
58
65
64
74
57
64
64
62
71
67
61
58
65
59
72
72
68
65
63
66
60
62
64
57
64
50
65
66
56
60
70
67
66
60
64
63
65
66
56
57
64
60
71
71
60
66
67
59
68
56
71
62
65
68
71
59
62
60
68
72
65
56
72
59
65
60
67
77
67
77
59
61
66
69
65
64
68
61
69
64
56
68
61
68
56
60
60
66
66
63
64
60
66
67
82
71
64
65
60
65
70
61
65
67
58
62
75
62
66
68
67
66
62
60
65
60
66
60
61
57
64
65
63
63
59
53
70
55
62
67
62
62
58
58
79
61
61
79
61
58
66
59
58
64
61
59
59
65
60
62
70
70
61
68
71
76
72
66
62
68
71
69
62
79
75
72
72
66
71
67
64
74
60
56
71
69
57
77
63
58
80
69
64
61
57
57
58
67
64
74
63
74
66
59
57
68
69
61
72
61
58
61
62
77
66
62
67
70
67
55
64
59
61
59
60
59
67
73
60
67
55
62
60
64
57
62
64
59
65
59
61
61
60
59
65
70
65
65
76
66
64
62
60
70
62
61
70
55
60
64
63
63
70
63
53
70
63
60
53
61
61
57
65
61
67
61
56
58
62
58
66
61
73
70
60
56
56
65
64
61
65
61
57
62
69
65
69
64
58
58
66
60
83
67
56
63
63
66
63
65
59
58
60
66
63
71
65
61
59
57
69
54
70
59
76
60
76
64
63
65
64
64
67
59
59
70
58
58
61
61
68
70
61
59
62
82
61
69
70
73
63
59
75
61
111
63
64
63
53
69
67
69
63
82
70
75
69
71
57
71
74
60
65
73
71
71
71
71
71
71
76
71
118
118
77
