0.000000000
0.042662000
0.085311000
0.128027000
0.154118000
0.180259000
0.206410000
0.232608000
0.258718000
0.284844000
0.310989000
0.337137000
0.363280000
0.389438000
0.415578000
0.441720000
0.467905000
0.494025000
0.520164000
0.546305000
0.572461000
0.598629000
0.624720000
0.650875000
0.677024000
0.703187000
0.729324000
0.755442000
0.781675000
0.807771000
0.833921000
0.860101000
0.886190000
0.912355000
0.938464000
0.964618000
0.990755000
1.016896000
1.043127000
1.069246000
1.095349000
1.121488000
1.147650000
1.173775000
1.199919000
1.226083000
1.252196000
1.278371000
1.304488000
1.330630000
1.356783000
1.382936000
1.409111000
1.435246000
1.461380000
1.487511000
1.513653000
1.539813000
1.565979000
1.592075000
1.618250000
1.644373000
1.670528000
1.696652000
1.722818000
1.748949000
1.775090000
1.801223000
1.827382000
1.853538000
1.879678000
1.905832000
1.931952000
1.958119000
1.984249000
2.010430000
2.036577000
2.062707000
2.088831000
2.115015000
2.141112000
2.167265000
2.193411000
2.219560000
2.245692000
2.271846000
2.297984000
2.324150000
2.350275000
2.376437000
2.402559000
2.428710000
2.454853000
2.480983000
2.507134000
2.533276000
2.559434000
2.585573000
2.611748000
2.637856000
2.664015000
2.690154000
2.716369000
2.742449000
2.768628000
2.794735000
2.820896000
2.847015000
2.873154000
2.899314000
2.925494000
2.951594000
2.977734000
3.003901000
3.030044000
3.056173000
3.082314000
3.108476000
3.134632000
3.160796000
3.186898000
3.213067000
3.239258000
3.265364000
3.291491000
3.317629000
3.343759000
3.369926000
3.396057000
3.422208000
3.448347000
3.474495000
3.500638000
3.526819000
3.552938000
3.579111000
3.605225000
3.631371000
3.657534000
3.683732000
3.709812000
3.735959000
3.762100000
3.788218000
3.814420000
3.840549000
3.866681000
3.892810000
3.918954000
3.945120000
3.971259000
3.997391000
4.023555000
4.049699000
4.075860000
4.101963000
4.128128000
4.154289000
4.180400000
4.206550000
4.232706000
4.258873000
4.284981000
4.311133000
4.337265000
4.363497000
4.389591000
4.415742000
4.441847000
4.467985000
4.494166000
4.520298000
4.546433000
4.572595000
4.598739000
4.624873000
4.651045000
4.677176000
4.703298000
4.729470000
4.755589000
4.781761000
4.807883000
4.834087000
4.860171000
4.886346000
4.912463000
4.938615000
4.964755000
4.990890000
5.017053000
5.043167000
5.069311000
5.095492000
5.121636000
5.147751000
5.173921000
5.200055000
5.226230000
5.252337000
5.278556000
5.304622000
5.330797000
5.356868000
5.383064000
5.409197000
5.435394000
5.461523000
5.487637000
5.513777000
5.539916000
5.566084000
5.592240000
5.618379000
5.644506000
5.670654000
5.696817000
5.722977000
5.749135000
5.775223000
5.801382000
5.827531000
5.853667000
5.879813000
5.905980000
5.932097000
5.958240000
5.984378000
6.010524000
6.036692000
6.062847000
6.088972000
6.115118000
6.141262000
6.167438000
6.193566000
6.219708000
6.245819000
6.272007000
6.298202000
6.324264000
6.350410000
6.376620000
6.402688000
6.428863000
6.455043000
6.481141000
6.507292000
6.533425000
6.559592000
6.585709000
6.611887000
6.638083000
6.664131000
6.690286000
6.716449000
6.742619000
6.768744000
6.794867000
6.821028000
6.847194000
6.873333000
6.899442000
6.925586000
6.951764000
6.977884000
7.004023000
7.030165000
7.056366000
7.082468000
7.108614000
7.134801000
7.160901000
7.187065000
7.213186000
7.239396000
7.265489000
7.291636000
7.317778000
7.343918000
7.370118000
7.396223000
7.422399000
7.448496000
7.474640000
7.500801000
7.526894000
7.553066000
7.579237000
7.605353000
7.631478000
7.657647000
7.683862000
7.709959000
7.736161000
7.762231000
7.788411000
7.814690000
7.840686000
7.866810000
7.892958000
7.919095000
7.945229000
7.971369000
7.997525000
8.023689000
8.049808000
8.075959000
8.102101000
8.128247000
8.154386000
8.180528000
8.206673000
8.232898000
8.259035000
8.285201000
8.311275000
8.337418000
8.363566000
8.389689000
8.415831000
8.441969000
8.468201000
8.494268000
8.520422000
8.546570000
8.572708000
8.598891000
8.625044000
8.651131000
8.677270000
8.703421000
8.729669000
8.755795000
8.781855000
8.808018000
8.834187000
8.860305000
8.886496000
8.912624000
8.938787000
8.964935000
8.991015000
9.017179000
9.043323000
9.069453000
9.095606000
9.121774000
9.147935000
9.174052000
9.200186000
9.226343000
9.252479000
9.278633000
9.304766000
9.330950000
9.357043000
9.383222000
9.409349000
9.435477000
9.461627000
9.487758000
9.513942000
9.540057000
9.566197000
9.592336000
9.618524000
9.644648000
9.670780000
9.697121000
9.723079000
9.749236000
9.775401000
9.801495000
9.827689000
9.853829000
9.879952000
9.906098000
9.932219000
9.958379000
9.984520000
10.010663000
10.036800000
10.062940000
10.089099000
10.115249000
10.141375000
10.167520000
10.193679000
10.219823000
10.245965000
10.272138000
10.298248000
10.324408000
10.350552000
10.376801000
10.403581000
10.429005000
10.455219000
10.481286000
10.507433000
10.533547000
10.559706000
10.585845000
10.611988000
10.638139000
10.664297000
10.690443000
10.716593000
10.742711000
10.768912000
10.795029000
10.821169000
10.847323000
10.873448000
10.899599000
10.925741000
10.951881000
10.978009000
11.004176000
11.030328000
11.056459000
11.082638000
11.108754000
11.134914000
11.161046000
11.187192000
11.213315000
11.239578000
11.265704000
11.291751000
11.317909000
11.344041000
11.370215000
11.396331000
11.422485000
11.448624000
11.474834000
11.500864000
11.527058000
11.553194000
11.579365000
11.605501000
11.631652000
11.657796000
11.683951000
11.710074000
11.736248000
11.762358000
11.788580000
11.816183000
11.840847000
11.866950000
11.893099000
11.919337000
11.945390000
11.971516000
11.997678000
12.023847000
12.050017000
12.076162000
12.102228000
12.128423000
12.154559000
12.180689000
12.206843000
12.233054000
12.259150000
12.285340000
12.311416000
12.337563000
12.363705000
12.389870000
12.416006000
12.442151000
12.468276000
12.494412000
12.520576000
12.546723000
12.572890000
12.598996000
12.625165000
12.651310000
12.677457000
12.703580000
12.729739000
12.755884000
12.782021000
12.808177000
12.834325000
12.860482000
12.886646000
12.912791000
12.938921000
12.965047000
12.991222000
13.017363000
13.043467000
13.069579000
13.095738000
13.121908000
13.148030000
13.174171000
13.200311000
13.226481000
13.252619000
13.278848000
13.304889000
13.331067000
13.357188000
13.383344000
13.409485000
13.435637000
13.461787000
13.487959000
13.514050000
13.540188000
13.566366000
13.592516000
13.618680000
13.644767000
13.670945000
13.697092000
13.723232000
13.749438000
13.775492000
13.801640000
13.827812000
13.853948000
13.880082000
13.906242000
13.932391000
13.958527000
13.984664000
14.010897000
14.036959000
14.063125000
14.089230000
14.115418000
14.141558000
14.167673000
14.193841000
14.219952000
14.246167000
14.272281000
14.298391000
14.324548000
14.350674000
14.376849000
14.402972000
14.429113000
14.455257000
14.481414000
14.507570000
14.533694000
14.559889000
14.585988000
14.612161000
14.638284000
14.664418000
14.690593000
14.716715000
14.742928000
14.769017000
14.795136000
14.821300000
14.847439000
14.873579000
14.899720000
14.925878000
14.952076000
14.978170000
15.004298000
15.030439000
15.056595000
15.082736000
15.108879000
15.135019000
15.161157000
15.187317000
15.213479000
15.239650000
15.265759000
15.291902000
15.318039000
15.344203000
15.370349000
15.396627000
15.422808000
15.448770000
15.474913000
15.501045000
15.527223000
15.553356000
15.579484000
15.605623000
15.631775000
15.657948000
15.684099000
15.710207000
15.736400000
15.762516000
15.788675000
15.814857000
15.840945000
15.867094000
15.893235000
15.919368000
15.945595000
15.971643000
15.997828000
16.023966000
16.050106000
16.076195000
16.102399000
16.128539000
16.154687000
16.180841000
16.206967000
16.233122000
16.259307000
16.285385000
16.311525000
16.337686000
16.363865000
16.389993000
16.416121000
16.442274000
16.468417000
16.494546000
16.520709000
16.546829000
16.572985000
16.599124000
16.625269000
16.651472000
16.677546000
16.703706000
16.729866000
16.756019000
16.782128000
16.808287000
16.834459000
16.860592000
16.886765000
16.912867000
16.939004000
16.965253000
16.991347000
17.017446000
17.043587000
17.069735000
17.095866000
17.122074000
17.148176000
17.174317000
17.200520000
17.226583000
17.252748000
17.278910000
17.305038000
17.331185000
17.357327000
17.383525000
17.409611000
17.435750000
17.461877000
17.488064000
17.514196000
17.540370000
17.566474000
17.592661000
17.618815000
17.644923000
17.671180000
17.697213000
17.723397000
17.749519000
17.775645000
17.801776000
17.827949000
17.854089000
17.880236000
17.906369000
17.932574000
17.958665000
17.984816000
18.010955000
18.037103000
18.063238000
18.089398000
18.115538000
18.141655000
18.167798000
18.194006000
18.220116000
18.246270000
18.272398000
18.298539000
18.324706000
18.350849000
18.376996000
18.403091000
18.429264000
18.455395000
18.481545000
18.507689000
18.533923000
18.560161000
18.586138000
18.612288000
18.638425000
18.664556000
18.690705000
18.716853000
18.743030000
18.769161000
18.795314000
18.821471000
18.847562000
18.873704000
18.899879000
18.926018000
18.952167000
18.978283000
19.004442000
19.030600000
19.056722000
19.082873000
19.109033000
19.135198000
19.161329000
19.187444000
19.213609000
19.239745000
19.265892000
19.292021000
19.318169000
19.344327000
19.370463000
19.396604000
19.422776000
19.448979000
19.475041000
19.501225000
19.527326000
19.553486000
19.579625000
19.605776000
19.631954000
19.658068000
19.684190000
19.710356000
19.736485000
19.762625000
19.788776000
19.814925000
19.841096000
19.867217000
19.893354000
19.919509000
19.945654000
19.971801000
19.997932000
20.024099000
20.050244000
20.076390000
20.102531000
20.128664000
20.154804000
20.180977000
20.207104000
20.233241000
20.259383000
20.285530000
20.311686000
20.337810000
20.363977000
20.390122000
20.416270000
20.442404000
20.468539000
20.494680000
20.520840000
20.546975000
20.573135000
20.599266000
20.625649000
20.651584000
20.677703000
20.703839000
20.730006000
20.756200000
20.782273000
20.808415000
20.834618000
20.860809000
20.886862000
20.913002000
20.939184000
20.965291000
20.991451000
21.017593000
21.043806000
21.069898000
21.096033000
21.122176000
21.148305000
21.174448000
21.200662000
21.226757000
21.252870000
21.279058000
21.305191000
21.331316000
21.357468000
21.383616000
21.409740000
21.435897000
21.462069000
21.488202000
21.514336000
21.540469000
21.566621000
21.592756000
21.618946000
21.645040000
21.671221000
21.697337000
21.723478000
21.749658000
21.775789000
21.801916000
21.828095000
21.854271000
21.880377000
21.906531000
21.932689000
21.958825000
21.984964000
22.011116000
22.037236000
22.063361000
22.089502000
22.115671000
22.141819000
22.167964000
22.194094000
22.220246000
22.246407000
22.272563000
22.298682000
22.324847000
22.350941000
22.377121000
22.403278000
22.429405000
22.455547000
22.481685000
22.507838000
22.533975000
22.560107000
22.586245000
22.612423000
22.638547000
22.664705000
22.690875000
22.716997000
22.743136000
22.769270000
22.795407000
22.821575000
22.847713000
22.873850000
22.899998000
22.926137000
22.952296000
22.978430000
23.004601000
23.030749000
23.056867000
23.083029000
23.109167000
23.135298000
23.161431000
23.187600000
23.213741000
23.239859000
23.266100000
23.292182000
23.318318000
23.344486000
23.370631000
23.396744000
23.422888000
23.449042000
23.475204000
23.501387000
23.527531000
23.553617000
23.579774000
23.605991000
23.632041000
23.658207000
23.684335000
23.710488000
23.736619000
23.762791000
23.788917000
23.815970000
23.841220000
23.867393000
23.893500000
23.919639000
23.945780000
23.971919000
23.998091000
24.024228000
24.050353000
24.076613000
24.102743000
24.128833000
24.154968000
24.181087000
24.207226000
24.233376000
24.259605000
24.285677000
24.311833000
24.337982000
24.364117000
24.390288000
24.416375000
24.442548000
24.468677000
24.494877000
24.520965000
24.547107000
24.573309000
24.599450000
24.625565000
24.651683000
24.677824000
24.703978000
24.730123000
24.756364000
24.782402000
24.808568000
24.834719000
24.860863000
24.887066000
24.913148000
24.939347000
24.965424000
24.991570000
25.017705000
25.043863000
25.070006000
25.096167000
25.122287000
25.148513000
25.174582000
25.200787000
25.227081000
25.253002000
25.279175000
25.305301000
25.331442000
25.357592000
25.383755000
25.409915000
25.436024000
25.462190000
25.488305000
25.514475000
25.540603000
25.566772000
25.592923000
25.619046000
25.645184000
25.671345000
25.697475000
25.723654000
25.749794000
25.775909000
25.802048000
25.828205000
25.854383000
25.880524000
25.906628000
25.932771000
25.958923000
25.985078000
26.011214000
26.037373000
26.063509000
26.089664000
26.115804000
26.141948000
26.168085000
26.194245000
26.220393000
26.246531000
26.272676000
26.298886000
26.325013000
26.351112000
26.377256000
26.403385000
26.429563000
26.455694000
26.481825000
26.507953000
26.534108000
26.560266000
26.586418000
26.612551000
26.638668000
26.664866000
26.690979000
26.717112000
26.743270000
26.769433000
26.795569000
26.821722000
26.847845000
26.874021000
26.900140000
26.926306000
26.952442000
26.978553000
27.004712000
27.030849000
27.057001000
27.083134000
27.109289000
27.135450000
27.161582000
27.187716000
27.213897000
27.240023000
27.266191000
27.292292000
27.318435000
27.344600000
27.370743000
27.396873000
27.423034000
27.449153000
27.475313000
27.501455000
27.527621000
27.553736000
27.579901000
27.606051000
27.632189000
27.658338000
27.684458000
27.710617000
27.736764000
27.762914000
27.789067000
27.816074000
27.841366000
27.867479000
27.893618000
27.919760000
27.945916000
27.972088000
27.998209000
28.024362000
28.050512000
28.076659000
28.102790000
28.128926000
28.155093000
28.181219000
28.207360000
28.233498000
28.259657000
28.285829000
28.311990000
28.338102000
28.364258000
28.390413000
28.416559000
28.442659000
28.468832000
28.494943000
28.521103000
28.547240000
28.573381000
28.599523000
28.625706000
28.651865000
28.677986000
28.704109000
28.730256000
28.756488000
28.782550000
28.808685000
28.834888000
28.861011000
28.887125000
28.913264000
28.939403000
28.965544000
28.991704000
29.017863000
29.044005000
29.070125000
29.096284000
29.122767000
29.148590000
29.174698000
29.200866000
29.226997000
29.253192000
29.279362000
29.305477000
29.331642000
29.357765000
29.383919000
29.410054000
29.436177000
29.462305000
29.488447000
29.514590000
29.540758000
29.566899000
29.593029000
29.619183000
29.645341000
29.671496000
29.697613000
29.723753000
29.749905000
29.776059000
29.802206000
29.828350000
29.854490000
29.880628000
29.906786000
29.932945000
29.959054000
29.985194000
30.011353000
30.037527000
30.063658000
30.089774000
30.115930000
30.142109000
30.168224000
30.194438000
30.220512000
30.246654000
30.272881000
30.298967000
30.325076000
30.351216000
30.377384000
30.403515000
30.429666000
30.455806000
30.481965000
30.508117000
30.534237000
30.560387000
30.586518000
30.612701000
30.638829000
30.664967000
30.691100000
30.717268000
30.743437000
30.769575000
30.795682000
30.821852000
30.847993000
30.874137000
30.900280000
30.926463000
30.952591000
30.978708000
31.004852000
31.030982000
31.057151000
31.083346000
31.109423000
31.135562000
31.161701000
31.187868000
31.214001000
31.240141000
31.266312000
31.292441000
31.318581000
31.344740000
31.370880000
31.397070000
31.423184000
31.449301000
31.475441000
31.501606000
31.527745000
31.553892000
31.580023000
31.606162000
31.632305000
31.658463000
31.684605000
31.710775000
31.736905000
31.763066000
31.789204000
31.820352000
31.841486000
31.867642000
31.893789000
31.919908000
31.946046000
31.972197000
31.998348000
32.024522000
32.050626000
32.076787000
32.102918000
32.129067000
32.155208000
32.181347000
32.207489000
32.233648000
32.259801000
32.285952000
32.312091000
32.338228000
32.364380000
32.390524000
32.416654000
32.442789000
32.468948000
32.495091000
32.521233000
32.547370000
32.573530000
32.599672000
32.625832000
32.651953000
32.678109000
32.704250000
32.730391000
32.756543000
32.782694000
32.808841000
32.834979000
32.861113000
32.887251000
32.913430000
32.939554000
32.965692000
32.991848000
33.017976000
33.044131000
33.070272000
33.096412000
33.122605000
33.148714000
33.174863000
33.200993000
33.227140000
33.253281000
33.279487000
33.305578000
33.331715000
33.357919000
33.384023000
33.410159000
33.436324000
33.462456000
33.488594000
33.514765000
33.540877000
33.567018000
33.593156000
33.619328000
33.645457000
33.671597000
33.697748000
33.723897000
33.750036000
33.776261000
33.802315000
33.828472000
33.854619000
33.880770000
33.906901000
33.933050000
33.959206000
33.985371000
34.011480000
34.037631000
34.063756000
34.089918000
34.116078000
34.142241000
34.168363000
34.194500000
34.220670000
34.246782000
34.273002000
34.299032000
34.325226000
34.351382000
34.377511000
34.403645000
34.429839000
34.455941000
34.482088000
34.508224000
34.534434000
34.560542000
34.586662000
34.612804000
34.638960000
34.665104000
34.691243000
34.717412000
34.743538000
34.769707000
34.795843000
34.821982000
34.848111000
34.874256000
34.900411000
34.926545000
34.952683000
34.978823000
35.004996000
35.031167000
35.057264000
35.083402000
35.109545000
35.135713000
35.161889000
35.188015000
35.214128000
35.240282000
35.266452000
35.292565000
35.318731000
35.344873000
35.371014000
35.397143000
35.423289000
35.449436000
35.475583000
35.501749000
35.527859000
35.554007000
35.580176000
35.606320000
35.632447000
35.658586000
35.684726000
35.710891000
35.737026000
35.763178000
35.789376000
35.815486000
35.841625000
35.867761000
35.893927000
35.920053000
35.946210000
35.972379000
35.998477000
36.024615000
36.050767000
36.076948000
36.103043000
36.129191000
36.155349000
36.181489000
36.207668000
36.233770000
36.259890000
36.286179000
36.312216000
36.338363000
36.364575000
36.390691000
36.416807000
36.442952000
36.469081000
36.495212000
36.521397000
36.547517000
36.573653000
36.599793000
36.625955000
36.652103000
36.678232000
36.704385000
36.730517000
36.756673000
36.782847000
36.808981000
36.835117000
36.861285000
36.887411000
36.913560000
36.939675000
36.965815000
36.991983000
37.018138000
37.044261000
37.070397000
37.096556000
37.122722000
37.148864000
37.174992000
37.201138000
37.227288000
37.253425000
37.279583000
37.305713000
37.331858000
37.357997000
37.384143000
37.410303000
37.436443000
37.462582000
37.488711000
37.514868000
37.541003000
37.567163000
37.593300000
37.619445000
37.645584000
37.671743000
37.697881000
37.724041000
37.750167000
37.776399000
37.802455000
37.828614000
37.854751000
37.880892000
37.907055000
37.933191000
37.959322000
37.985462000
38.011670000
38.037783000
38.063922000
38.090043000
38.116239000
38.142358000
38.168520000
38.194623000
38.220779000
38.246925000
38.273129000
38.299239000
38.325374000
38.351490000
38.377668000
38.403785000
38.429962000
38.456067000
38.482225000
38.508373000
38.534532000
38.560649000
38.586799000
38.612970000
38.639104000
38.665253000
38.691380000
38.717535000
38.743670000
38.769824000
38.795963000
38.822134000
38.848269000
38.874390000
38.900527000
38.926694000
38.952828000
38.978967000
39.005111000
39.031292000
39.057439000
39.083547000
39.109714000
39.135856000
39.162015000
39.188138000
39.214298000
39.240420000
39.266582000
39.292733000
39.318864000
39.344991000
39.371142000
39.397270000
39.423434000
39.449590000
39.475711000
39.502228000
39.528056000
39.554181000
39.580303000
39.606448000
39.632600000
39.658770000
39.684873000
39.711017000
39.737167000
39.763324000
39.789495000
39.816068000
39.841739000
39.867940000
39.894046000
39.920198000
39.946375000
39.972523000
39.998658000
40.024789000
40.050911000
40.077052000
40.108587000
40.129359000
40.155512000
40.181639000
40.207782000
40.233941000
40.260088000
40.286218000
40.312349000
40.338512000
40.364642000
40.390795000
40.416941000
40.443070000
40.469211000
40.495361000
40.521506000
40.547652000
40.573801000
40.599941000
40.626088000
40.652263000
40.678380000
40.704529000
40.730667000
40.756814000
40.783029000
40.809106000
40.835258000
40.861402000
40.887537000
40.913695000
40.939824000
40.965991000
40.992105000
41.018265000
41.044405000
41.070578000
41.096684000
41.122824000
41.148974000
41.175125000
41.201271000
41.227408000
41.253569000
41.279796000
41.305853000
41.331984000
41.358136000
41.384285000
41.410444000
41.436568000
41.462708000
41.488888000
41.515009000
41.541148000
41.567290000
41.593420000
41.619616000
41.645750000
41.671856000
41.698019000
41.724171000
41.750320000
41.776459000
41.802583000
41.828754000
41.854901000
41.881026000
41.907179000
41.933344000
41.959492000
41.985601000
42.011753000
42.037901000
42.064032000
42.090201000
42.116334000
42.142470000
42.168613000
42.194771000
42.220927000
42.247054000
42.273191000
42.299353000
42.325539000
42.351659000
42.377864000
42.403922000
42.430073000
42.456242000
42.482353000
42.508506000
42.534652000
42.560823000
42.586943000
42.613075000
42.639214000
42.665411000
42.691599000
42.717657000
42.743797000
42.769978000
42.796152000
42.822284000
42.848403000
42.874524000
42.900675000
42.926841000
42.952958000
42.979100000
43.005261000
43.031406000
43.057549000
43.083678000
43.109842000
43.135979000
43.162119000
43.188261000
43.214415000
43.240565000
43.266740000
43.292905000
43.318982000
43.345139000
43.371291000
43.397446000
43.423601000
43.449703000
43.475860000
43.501992000
43.528142000
43.554283000
43.580441000
43.606580000
43.632722000
43.658863000
43.685015000
43.711190000
43.737302000
43.763444000
43.789656000
43.817362000
43.841915000
43.868033000
43.894162000
43.920305000
43.946462000
43.972609000
43.998758000
44.024900000
44.051042000
44.077191000
44.103317000
44.129470000
44.155640000
44.181768000
44.207863000
44.234044000
44.260232000
44.286369000
44.312505000
44.338624000
44.364765000
44.390931000
44.417068000
44.443216000
44.469344000
44.495484000
44.521656000
44.547818000
44.573935000
44.600066000
44.626249000
44.652385000
44.678516000
44.704649000
44.730805000
44.756952000
44.783119000
44.809229000
44.835404000
44.861527000
44.887710000
44.913850000
44.939950000
44.966107000
44.992255000
45.018410000
45.044534000
45.070669000
45.096827000
45.122970000
45.149136000
45.175252000
45.201867000
45.227591000
45.253703000
45.279865000
45.305973000
45.332128000
45.358271000
45.384419000
45.410552000
45.436710000
45.462849000
45.488990000
45.515158000
45.541346000
45.567444000
45.593596000
45.619726000
45.645920000
45.672022000
45.698224000
45.724310000
45.750451000
45.776612000
45.802751000
45.828946000
45.855036000
45.881170000
45.907325000
45.933462000
45.959597000
45.985758000
46.011914000
46.038069000
46.064231000
46.090326000
46.116508000
46.142637000
46.168774000
46.194888000
46.221054000
46.247205000
46.273357000
46.299503000
46.325645000
46.351779000
46.377958000
46.404074000
46.430231000
46.456367000
46.482511000
46.508669000
46.534794000
46.560926000
46.587126000
46.613228000
46.639403000
46.665532000
46.691641000
46.717824000
46.743977000
46.770083000
46.796245000
46.822398000
46.848531000
46.874666000
46.900838000
46.926961000
46.953118000
46.979245000
47.005400000
47.031552000
47.057689000
47.083848000
47.109995000
47.136107000
47.162294000
47.188459000
47.214601000
47.240725000
47.266898000
47.293016000
47.319148000
47.345272000
47.371424000
47.397570000
47.423724000
47.449862000
47.476003000
47.502134000
47.528314000
47.554432000
47.580572000
47.606729000
47.632869000
47.659008000
47.685161000
47.711289000
47.737453000
47.763612000
47.789765000
47.815935000
47.842069000
47.868177000
47.894358000
47.920464000
47.946592000
47.972745000
47.998915000
48.025035000
48.051184000
48.077321000
48.103473000
48.129616000
48.155754000
48.181870000
48.208057000
48.234196000
48.260366000
48.286496000
48.312633000
48.338776000
48.364916000
48.391054000
48.417200000
48.443356000
48.469496000
48.495643000
48.521799000
48.547918000
48.574084000
48.600223000
48.626358000
48.652512000
48.678652000
48.704795000
48.730939000
48.757075000
48.783228000
48.809398000
48.835538000
48.861741000
48.887795000
48.913967000
48.940099000
48.966236000
48.992384000
49.018589000
49.044674000
49.070819000
49.096961000
49.123107000
49.149256000
49.175427000
49.201540000
49.227702000
49.253865000
49.280022000
49.306137000
49.332264000
49.358400000
49.384559000
49.410722000
49.436851000
49.462980000
49.489148000
49.515284000
49.541423000
49.567566000
49.593705000
49.619865000
49.646012000
49.672148000
49.698317000
49.724474000
49.750582000
49.776726000
49.802868000
49.829026000
49.855168000
49.881345000
49.907459000
49.933582000
49.959758000
49.985898000
50.012047000
50.038166000
50.064310000
50.090476000
50.116607000
50.142752000
50.168889000
50.195050000
50.221242000
50.247354000
50.273489000
50.299651000
50.325794000
50.351910000
50.378049000
50.404203000
50.430358000
50.456490000
50.482630000
50.508770000
50.534926000
50.561066000
50.587232000
50.613371000
50.639492000
50.665657000
50.691819000
50.717941000
50.744071000
50.770231000
50.796391000
50.822544000
50.848660000
50.874803000
50.900968000
50.927125000
50.953234000
50.979374000
51.005545000
51.031674000
51.057825000
51.083974000
51.110113000
51.136252000
51.162404000
51.188533000
51.214705000
51.240849000
51.266992000
51.293198000
51.319261000
51.345423000
51.371551000
51.397715000
51.423842000
51.449977000
51.476145000
51.502363000
51.528437000
51.554558000
51.580716000
51.606855000
51.632997000
51.659148000
51.685278000
51.711434000
51.737578000
51.763738000
51.789891000
51.816360000
51.842165000
51.868305000
51.894441000
51.920599000
51.946734000
51.972901000
51.999020000
52.025158000
52.051315000
52.077460000
52.103605000
52.129737000
52.155903000
52.182042000
52.208180000
52.234334000
52.260451000
52.286629000
52.312758000
52.338902000
52.365038000
52.391208000
52.417351000
52.443483000
52.469621000
52.495763000
52.521923000
52.548063000
52.574202000
52.600340000
52.626503000
52.652644000
52.678779000
52.704924000
52.731063000
52.757219000
52.783359000
52.809506000
52.835667000
52.861818000
52.887956000
52.914097000
52.940246000
52.966396000
52.992621000
53.018681000
53.044822000
53.070961000
53.097119000
53.123268000
53.149398000
53.175534000
53.201696000
53.227856000
53.254170000
53.280113000
53.306264000
53.332421000
53.358567000
53.384694000
53.410830000
53.436988000
53.463135000
53.489270000
53.515408000
53.541552000
53.567704000
53.593853000
53.620010000
53.646165000
53.672307000
53.698457000
53.724609000
53.750734000
53.776866000
53.803029000
53.829168000
53.855300000
53.881430000
53.907609000
53.933728000
53.959880000
53.986037000
54.012188000
54.038388000
54.064470000
54.090605000
54.116752000
54.142900000
54.169044000
54.195184000
54.221329000
54.247506000
54.273630000
54.299772000
54.325916000
54.352043000
54.378221000
54.404348000
54.430479000
54.456627000
54.482790000
54.508919000
54.535060000
54.561204000
54.587368000
54.613546000
54.639668000
54.665791000
54.691935000
54.718095000
54.744230000
54.770372000
54.796516000
54.822686000
54.848803000
54.874933000
54.901073000
54.927239000
54.953373000
54.979513000
55.005663000
55.031822000
55.057952000
55.084096000
55.110258000
55.136385000
55.162543000
55.188688000
55.214817000
55.240957000
55.267120000
55.293278000
55.319396000
55.345539000
55.371678000
55.397818000
55.424003000
55.450121000
55.476259000
55.502412000
55.528560000
55.554699000
55.580844000
55.606992000
55.633149000
55.659471000
55.685516000
55.711636000
55.737785000
55.763882000
55.790006000
55.816775000
55.842314000
55.868451000
55.894585000
55.920751000
55.946869000
55.973011000
55.999169000
56.025325000
56.051439000
56.077592000
56.103729000
56.129878000
56.156055000
56.182164000
56.208309000
56.234469000
56.260649000
56.286749000
56.312907000
56.339066000
56.365216000
56.391359000
56.417483000
56.443631000
56.469756000
56.495907000
56.522052000
56.548218000
56.574336000
56.600485000
56.626644000
56.652790000
56.678930000
56.705065000
56.731203000
56.757348000
56.783492000
56.809661000
56.835834000
56.861929000
56.888066000
56.914278000
56.940376000
56.966506000
56.992676000
57.018821000
57.044947000
57.071118000
57.097236000
57.123395000
57.149554000
57.175667000
57.201830000
57.227961000
57.254139000
57.280249000
57.306411000
57.332529000
57.358681000
57.384844000
57.410992000
57.437110000
57.463280000
57.489409000
57.515574000
57.541692000
57.567831000
57.593974000
57.620200000
57.646313000
57.672472000
57.698617000
57.724760000
57.750893000
57.776994000
57.803144000
57.829292000
57.855431000
57.881590000
57.907746000
57.933881000
57.960055000
57.986156000
58.012308000
58.038439000
58.064626000
58.090749000
58.116898000
58.143029000
58.169178000
58.195319000
58.221457000
58.247629000
58.273738000
58.299897000
58.326033000
58.352199000
58.378337000
58.404467000
58.430663000
58.456780000
58.482920000
58.509058000
58.535206000
58.561356000
58.587486000
58.613632000
58.639794000
58.665943000
58.692059000
58.718214000
58.744348000
58.770529000
58.796673000
58.822799000
58.848931000
58.875066000
58.901252000
58.927367000
58.953511000
58.979652000
59.005815000
59.031976000
59.058105000
59.084235000
59.110386000
59.136531000
59.162699000
59.188827000
59.214946000
59.241123000
59.267284000
59.293391000
59.319548000
59.345692000
59.371828000
59.397977000
59.424107000
59.450256000
59.476415000
59.502559000
59.528708000
59.554827000
59.580998000
59.607152000
59.633277000
59.659429000
59.685597000
59.711747000
59.737845000
59.763989000
59.790141000
59.816307000
59.842444000
59.868576000
59.894744000
59.920889000
59.947018000
59.973168000
59.999292000
60.025460000
60.051587000
60.077748000
60.103872000
60.130016000
60.156220000
60.182309000
60.208531000
60.234603000
60.260840000
60.286951000
60.313115000
60.339171000
60.365327000
60.391484000
60.417619000
60.443751000
60.469890000
60.496054000
60.522202000
60.548332000
60.574476000
60.600618000
60.626769000
60.652944000
60.679063000
60.705192000
60.731351000
60.757491000
60.783643000
60.809869000
60.835974000
60.862088000
60.888227000
60.914424000
60.940507000
60.966653000
60.992795000
61.018933000
61.045090000
61.071217000
61.097376000
61.123538000
61.149657000
61.175797000
61.201958000
61.228092000
61.254245000
61.280459000
61.306560000
61.332666000
61.358832000
61.384966000
61.411121000
61.437272000
61.463432000
61.489550000
61.515684000
61.541846000
61.568052000
61.594129000
61.620258000
61.646399000
61.672568000
61.698740000
61.724874000
61.750980000
61.777148000
61.803343000
61.829443000
61.855555000
61.881711000
61.907903000
61.933997000
61.960138000
61.986298000
62.012460000
62.038619000
62.064739000
62.090879000
62.117002000
62.143168000
62.169320000
62.195441000
62.221585000
62.247766000
62.273911000
62.300032000
62.326191000
62.352302000
62.378478000
62.404623000
62.430792000
62.456922000
62.483040000
62.509183000
62.535332000
62.561474000
62.587621000
62.613791000
62.639902000
62.666053000
62.692214000
62.718355000
62.744482000
62.770623000
62.796777000
62.822956000
62.849075000
62.875227000
62.901393000
62.927502000
62.953644000
62.979909000
63.005869000
63.032105000
63.058234000
63.084395000
63.110507000
63.136645000
63.162796000
63.188946000
63.215107000
63.241238000
63.267396000
63.293556000
63.319721000
63.345807000
63.371960000
63.398144000
63.424276000
63.450422000
63.476528000
63.502665000
63.528874000
63.554970000
63.581140000
63.607253000
63.633439000
63.659568000
63.685707000
63.711848000
63.737980000
63.764127000
63.790279000
63.816802000
63.842571000
63.868722000
63.894891000
63.921025000
63.947132000
63.973271000
63.999461000
64.025621000
64.051712000
64.077863000
64.104018000
64.130163000
64.156301000
64.182443000
64.208613000
64.234742000
64.260920000
64.287024000
64.313187000
64.339334000
64.365455000
64.391593000
64.417768000
64.443928000
64.470054000
64.496180000
64.522350000
64.548473000
64.574627000
64.600756000
64.626874000
64.653075000
64.679222000
64.705366000
64.731515000
64.757640000
64.783785000
64.809945000
64.836094000
64.862228000
64.888357000
64.914527000
64.940658000
64.966796000
64.992936000
65.019093000
65.045240000
65.071379000
65.097519000
65.123669000
65.149859000
65.176002000
65.203650000
65.228284000
65.254424000
65.280579000
65.306691000
65.332826000
65.358944000
65.385114000
65.411259000
65.437405000
65.463552000
65.489686000
65.515822000
65.541968000
65.568108000
65.594252000
65.620426000
65.646567000
65.672690000
65.698832000
65.725017000
65.751131000
65.777268000
65.803420000
65.829592000
65.855713000
65.881851000
65.908013000
65.934133000
65.960293000
65.986426000
66.012580000
66.038718000
66.064869000
66.091006000
66.117149000
66.143297000
66.169430000
66.195612000
66.221751000
66.247873000
66.274011000
66.300187000
66.326311000
66.352464000
66.378594000
66.404732000
66.430897000
66.457039000
66.483173000
66.509323000
66.535475000
66.561614000
66.587768000
66.613894000
66.640053000
66.666196000
66.692357000
66.718480000
66.744627000
66.770775000
66.796914000
66.823092000
66.849207000
66.875356000
66.901501000
66.927639000
66.953777000
66.979917000
67.006079000
67.032231000
67.058361000
67.084508000
67.110675000
67.136806000
67.162944000
67.189074000
67.215212000
67.241387000
67.267514000
67.293654000
67.319810000
67.345968000
67.372094000
67.398238000
67.424391000
67.450517000
67.476679000
67.502813000
67.528962000
67.555101000
67.581261000
67.607423000
67.633539000
67.659672000
67.685823000
67.711989000
67.738122000
67.764263000
67.790398000
67.816570000
67.842708000
67.868880000
67.894980000
67.921146000
67.947283000
67.973423000
67.999563000
68.025729000
68.051859000
68.078004000
68.104143000
68.130288000
68.156439000
68.182584000
68.208727000
68.234861000
68.261013000
68.287181000
68.313319000
68.339455000
68.365596000
68.391761000
68.417894000
68.444030000
68.470175000
68.496312000
68.522489000
68.548603000
68.574759000
68.600901000
68.627056000
68.653183000
68.679332000
68.705468000
68.731624000
68.757762000
68.783908000
68.810073000
68.836201000
68.862353000
68.888511000
68.914649000
68.940792000
68.966953000
68.993068000
69.019223000
69.045364000
69.071497000
69.097646000
69.123802000
69.149930000
69.176088000
69.202229000
69.228404000
69.254538000
69.280651000
69.306802000
69.332946000
69.359088000
69.385276000
69.411380000
69.437545000
69.463674000
69.489824000
69.515970000
69.542119000
69.568258000
69.594392000
69.620533000
69.646676000
69.672833000
69.698973000
69.725114000
69.751266000
69.777418000
69.803561000
69.829718000
69.855844000
69.881976000
69.908144000
69.934279000
69.960418000
69.986556000
70.012711000
70.038852000
70.064998000
70.091138000
70.117303000
70.143442000
70.169602000
70.195716000
70.221858000
70.248033000
70.274171000
70.300293000
70.326464000
70.352616000
70.378745000
70.404886000
70.431035000
70.457161000
70.483318000
70.509458000
70.535606000
70.561741000
70.587894000
70.614038000
70.640185000
70.666321000
70.692462000
70.718642000
70.744754000
70.770903000
70.797038000
70.823221000
70.849361000
70.875492000
70.901629000
70.927773000
70.953943000
70.980081000
71.006508000
71.032362000
71.058514000
71.084671000
71.110796000
71.136938000
71.163078000
71.189235000
71.215383000
71.241520000
71.267657000
71.293825000
71.319955000
71.346140000
71.372239000
71.398397000
71.424545000
71.450672000
71.476822000
71.502959000
71.529118000
71.555260000
71.581397000
71.607547000
71.633704000
71.659843000
71.685986000
71.712150000
71.738263000
71.764419000
71.790554000
71.816754000
71.842858000
71.868991000
71.895137000
71.921283000
71.947416000
71.973552000
71.999709000
72.025873000
72.052021000
72.078142000
72.104299000
72.130435000
72.156587000
72.182714000
72.208884000
72.235018000
72.261157000
72.287299000
72.313447000
72.339602000
72.365751000
72.391897000
72.418012000
72.444177000
72.470306000
72.496449000
72.522613000
72.548746000
72.574888000
72.601033000
72.627175000
72.653329000
72.679486000
72.705634000
72.731774000
72.757892000
72.784032000
72.810215000
72.836361000
72.862490000
72.888634000
72.914781000
72.940930000
72.967052000
72.993192000
73.019364000
73.045502000
73.071633000
73.097780000
73.123986000
73.150093000
73.176227000
73.202350000
73.228495000
73.254685000
73.280804000
73.306935000
73.333095000
73.359235000
73.385372000
73.411545000
73.437658000
73.463796000
73.489963000
73.516110000
73.542239000
73.568407000
73.594516000
73.620677000
73.646844000
73.672974000
73.699108000
73.725278000
73.751399000
73.777537000
73.803675000
73.829850000
73.856001000
73.882118000
73.908266000
73.934398000
73.960578000
73.986699000
74.012876000
74.038984000
74.065139000
74.091279000
74.117464000
74.143594000
74.169728000
74.195863000
74.222020000
74.248172000
74.274283000
74.300450000
74.326611000
74.352781000
74.378912000
74.405046000
74.431217000
74.457336000
74.483456000
74.509590000
74.535764000
74.561902000
74.588039000
74.614193000
74.640348000
74.666491000
74.692599000
74.718763000
74.744908000
74.771056000
74.797200000
74.823351000
74.849478000
74.875640000
74.901845000
74.927925000
74.954061000
74.980202000
75.006366000
75.032501000
75.058645000
75.084783000
75.110938000
75.137079000
75.163210000
75.189372000
75.215504000
75.241652000
75.267802000
75.293926000
75.320072000
75.346230000
75.372367000
75.398518000
75.424651000
75.450812000
75.476954000
75.503114000
75.529271000
75.555396000
75.581537000
75.607680000
75.633811000
75.659996000
75.686130000
75.712254000
75.738392000
75.764537000
75.790672000
75.816870000
75.843006000
75.869210000
75.895269000
75.921427000
75.947557000
75.973696000
75.999827000
76.025992000
76.052162000
76.078313000
76.104432000
76.130577000
76.156713000
76.182860000
76.208999000
76.235133000
76.261286000
76.287448000
76.313588000
76.339723000
76.365856000
76.392014000
76.418178000
76.444304000
76.470445000
76.496599000
76.522745000
76.548878000
76.575057000
76.601174000
76.627331000
76.653470000
76.679669000
76.705757000
76.731899000
76.758051000
76.784208000
76.810329000
76.836484000
76.862646000
76.888769000
76.914911000
76.941042000
76.967202000
76.993340000
77.019505000
77.045622000
77.071767000
77.097921000
77.124063000
77.150202000
77.176353000
77.202505000
77.228644000
77.254801000
77.280923000
77.307076000
77.333246000
77.359366000
77.385500000
77.411655000
77.437794000
77.463956000
77.490084000
77.516228000
77.542385000
77.568515000
77.594653000
77.620830000
77.646946000
77.673138000
77.699257000
77.725386000
77.751536000
77.777685000
77.803827000
77.829982000
77.856120000
77.882247000
77.908437000
77.934560000
77.960723000
77.986828000
78.012990000
78.039141000
78.065273000
78.091409000
78.117557000
78.143726000
78.169849000
78.195989000
78.222151000
78.248297000
78.274446000
78.300571000
78.326736000
78.352870000
78.379010000
78.405152000
78.431324000
78.457431000
78.483590000
78.509753000
78.535862000
78.562012000
78.588171000
78.614309000
78.640478000
78.666603000
78.692744000
78.718895000
78.745030000
78.771173000
78.797313000
78.823485000
78.849644000
78.875775000
78.901889000
78.928051000
78.954194000
78.980354000
79.006481000
79.032614000
79.058774000
79.084935000
79.111095000
79.137194000
79.163374000
79.189536000
79.215647000
79.241794000
79.267985000
79.294095000
79.320227000
79.346370000
79.372498000
79.398670000
79.424829000
79.450937000
79.477078000
79.503207000
79.529385000
79.555547000
79.581668000
79.607805000
79.633976000
79.660099000
79.686238000
79.712398000
79.738549000
79.764684000
79.790849000
79.816972000
79.843122000
79.869254000
79.895443000
79.921560000
79.947695000
79.973866000
80.000024000
80.026172000
80.052268000
80.078397000
80.104570000
80.130725000
80.156856000
80.182976000
80.209139000
80.235297000
80.261451000
80.287588000
80.313742000
80.339890000
80.366011000
80.392168000
80.418294000
80.444450000
80.470586000
80.496720000
80.522865000
80.549001000
80.575161000
80.601545000
80.627468000
80.653582000
80.679741000
80.705885000
80.732021000
80.758162000
80.784302000
80.810465000
80.836685000
80.862752000
80.888877000
80.915090000
80.941201000
80.967322000
80.993483000
81.019656000
81.045781000
81.071954000
81.098041000
81.124207000
81.150363000
81.176512000
81.202628000
81.228790000
81.254939000
81.281076000
81.307226000
81.333365000
81.359499000
81.385662000
81.411818000
81.437940000
81.464076000
81.490235000
81.516377000
81.542520000
81.568663000
81.594803000
81.620966000
81.647097000
81.673251000
81.699387000
81.725556000
81.751702000
81.777824000
81.803972000
81.830135000
81.856339000
81.882404000
81.908561000
81.934692000
81.960900000
81.986999000
82.013111000
82.039282000
82.065428000
82.091548000
82.117716000
82.143830000
82.169984000
82.196199000
82.222276000
82.248408000
82.274585000
82.300719000
82.326881000
82.352992000
82.379142000
82.405289000
82.431450000
82.457583000
82.483720000
82.509858000
82.536011000
82.562150000
82.588292000
82.614446000
82.640591000
82.666732000
82.692884000
82.719033000
82.745159000
82.771323000
82.797455000
82.823625000
82.849767000
82.875913000
82.903998000
82.928195000
82.954332000
82.980470000
83.006642000
83.032799000
83.058917000
83.085061000
83.111228000
83.137360000
83.163503000
83.189878000
83.215822000
83.241951000
83.268097000
83.294226000
83.320356000
83.346532000
83.372662000
83.398790000
83.424939000
83.451066000
83.477213000
83.503366000
83.529502000
83.555641000
83.581804000
83.607980000
83.634082000
83.660224000
83.686382000
83.712534000
83.738662000
83.764803000
83.790945000
83.817138000
83.843246000
83.869407000
83.895534000
83.921720000
83.947843000
83.973964000
84.000105000
84.026248000
84.052403000
84.078545000
84.104681000
84.130832000
84.156989000
84.183124000
84.209284000
84.235418000
84.261554000
84.287705000
84.313849000
84.339987000
84.366128000
84.392285000
84.418425000
84.444568000
84.470707000
84.496876000
84.523022000
84.549146000
84.575288000
84.601425000
84.627592000
84.653731000
84.679872000
84.706006000
84.732167000
84.758307000
84.784449000
84.810597000
84.836764000
84.862905000
84.889033000
84.915169000
84.941311000
84.967469000
84.993611000
85.019753000
85.045893000
85.072035000
85.098194000
85.124340000
85.150567000
85.176614000
85.202759000
85.228907000
85.255085000
85.281208000
85.307347000
85.333519000
85.359655000
85.385807000
85.411938000
85.438074000
85.464213000
85.490347000
85.516496000
85.542654000
85.568793000
85.594934000
85.621081000
85.647227000
85.673376000
85.699516000
85.725677000
85.751797000
85.777955000
85.804085000
85.830262000
85.856391000
85.882527000
85.908691000
85.934855000
85.960960000
85.987098000
86.013287000
86.039395000
86.065539000
86.091730000
86.117829000
86.143989000
86.170130000
86.196269000
86.222419000
86.248560000
86.274763000
86.300846000
86.326992000
86.353160000
86.379298000
86.405423000
86.431568000
86.457700000
86.483861000
86.510027000
86.536131000
86.562282000
86.588450000
86.614610000
86.640733000
86.666863000
86.693023000
86.719177000
86.745322000
86.771442000
86.797584000
86.823796000
86.849916000
86.876031000
86.902169000
86.928325000
86.954474000
86.980603000
87.006746000
87.032886000
87.059043000
87.085205000
87.111326000
87.137465000
87.163624000
87.189764000
87.215927000
87.242046000
87.268218000
87.294362000
87.320489000
87.346664000
87.372786000
87.398953000
87.425100000
87.451276000
87.477367000
87.503507000
87.529675000
87.555812000
87.581946000
87.608092000
87.634247000
87.660394000
87.686510000
87.712654000
87.738789000
87.764957000
87.791091000
87.817254000
87.843397000
87.869530000
87.895669000
87.921825000
87.947953000
87.974129000
88.000262000
88.026407000
88.052562000
88.078681000
88.104849000
88.130987000
88.157112000
88.183252000
88.209416000
88.235564000
88.261754000
88.287834000
88.313977000
88.340154000
88.366272000
88.392412000
88.418575000
88.444714000
88.470852000
88.496995000
88.523144000
88.549336000
88.575435000
88.601586000
88.627755000
88.653887000
88.680036000
88.706176000
88.732299000
88.758437000
88.784595000
88.810735000
88.836884000
88.863024000
88.889153000
88.915327000
88.941456000
88.967592000
88.993736000
89.019929000
89.046033000
89.072176000
89.098317000
89.124472000
89.150627000
89.176764000
89.202915000
89.229051000
89.255232000
89.281349000
89.307498000
89.333631000
89.359779000
89.385928000
89.412081000
89.438214000
89.464353000
89.490508000
89.516656000
89.542788000
89.568944000
89.595097000
89.621243000
89.647369000
89.673521000
89.699656000
89.725816000
89.751956000
89.778096000
89.804230000
89.830409000
89.856532000
89.882671000
89.908825000
89.934988000
89.961118000
89.987251000
90.013396000
90.039536000
90.065694000
90.091831000
90.117979000
90.144121000
90.170254000
90.196410000
90.222573000
90.248693000
90.274879000
90.300998000
90.327145000
90.353273000
90.379417000
90.405557000
90.431712000
90.457875000
90.483994000
90.510151000
90.536315000
90.562435000
90.588573000
90.614720000
90.640881000
90.667040000
90.693158000
90.719310000
90.745440000
90.771601000
90.797745000
90.823909000
90.850027000
90.876213000
90.902326000
90.928464000
90.954605000
90.980745000
91.006913000
91.033047000
91.059180000
91.085328000
91.111488000
91.137633000
91.163766000
91.189908000
91.216046000
91.242209000
91.268347000
91.294484000
91.320626000
91.346785000
91.372926000
91.399064000
91.425209000
91.451379000
91.477508000
91.503652000
91.529791000
91.555935000
91.582088000
91.608233000
91.634388000
91.660508000
91.686677000
91.712814000
91.738950000
91.765087000
91.791229000
91.817406000
91.843540000
91.869672000
91.895810000
91.921971000
91.948110000
91.974249000
92.000394000
92.026538000
92.052691000
92.078853000
92.104971000
92.131110000
92.157293000
92.183454000
92.209594000
92.235731000
92.261908000
92.288014000
92.314149000
92.340274000
92.366416000
92.392584000
92.418777000
92.444854000
92.470988000
92.497168000
92.523286000
92.549428000
92.575561000
92.601714000
92.627861000
92.654026000
92.680174000
92.706315000
92.732443000
92.758581000
92.784721000
92.810867000
92.837019000
92.863182000
92.889352000
92.915468000
92.941594000
92.967757000
92.993894000
93.020042000
93.046176000
93.072316000
93.098473000
93.124625000
93.150781000
93.176896000
93.203056000
93.229216000
93.255341000
93.281478000
93.307625000
93.333802000
93.359931000
93.386078000
93.412191000
93.438356000
93.464486000
93.490626000
93.516768000
93.542936000
93.569081000
93.595216000
93.621350000
93.647499000
93.673647000
93.699811000
93.725931000
93.752068000
93.778227000
93.804381000
93.830535000
93.856662000
93.882796000
93.908955000
93.935100000
93.961230000
93.987369000
94.013538000
94.039680000
94.065811000
94.091950000
94.118141000
94.144250000
94.170391000
94.196532000
94.222682000
94.248871000
94.275050000
94.301111000
94.327255000
94.353435000
94.379555000
94.405693000
94.431847000
94.457974000
94.484131000
94.510273000
94.536413000
94.562555000
94.588712000
94.614874000
94.641028000
94.667130000
94.693283000
94.719461000
94.745595000
94.771715000
94.797854000
94.824025000
94.850185000
94.876296000
94.902448000
94.928597000
94.954741000
94.980869000
95.007051000
95.033160000
95.059315000
95.085455000
95.111608000
95.137743000
95.163924000
95.190037000
95.216200000
95.242317000
95.268559000
95.294618000
95.320803000
95.346939000
95.373061000
95.399209000
95.425349000
95.451488000
95.477628000
95.503761000
95.529920000
95.556185000
95.582219000
95.608356000
95.634522000
95.660651000
95.686793000
95.712920000
95.739064000
95.765221000
95.791362000
95.817538000
95.843659000
95.869803000
95.895952000
95.922097000
95.948234000
95.974382000
96.000511000
96.026660000
96.052802000
96.078943000
96.105114000
96.131242000
96.157391000
96.183609000
96.209702000
96.235866000
96.261997000
96.288106000
96.314257000
96.340408000
96.366563000
96.392697000
96.418826000
96.444985000
96.471144000
96.497266000
96.523436000
96.549558000
96.575727000
96.601859000
96.628006000
96.654168000
96.680287000
96.706438000
96.732567000
96.758720000
96.784888000
96.811020000
96.837225000
96.863388000
96.889473000
96.915694000
96.941739000
96.967869000
96.994011000
97.020172000
97.046330000
97.072450000
97.098601000
97.124771000
97.150907000
97.177030000
97.203172000
97.229316000
97.255480000
97.281622000
97.307751000
97.333902000
97.360043000
97.386191000
97.412340000
97.438473000
97.464613000
97.490772000
97.516878000
97.543073000
97.569192000
97.595350000
97.621490000
97.647651000
97.673784000
97.699926000
97.726107000
97.752214000
97.778377000
97.804527000
97.830680000
97.856823000
97.882945000
97.909086000
97.935227000
97.961384000
97.987527000
98.013679000
98.039816000
98.065968000
98.092107000
98.118249000
98.144387000
98.170530000
98.196684000
98.222826000
98.248977000
98.275126000
98.301305000
98.327408000
98.353556000
98.379690000
98.405827000
98.431989000
98.458141000
98.484275000
98.510409000
98.536571000
98.562722000
98.588874000
98.614988000
98.641152000
98.667292000
98.693435000
98.719571000
98.745722000
98.771868000
98.798024000
98.824173000
98.850294000
98.876463000
98.902596000
98.928738000
98.954873000
98.981020000
